356.85,-34.2,123.9,-377.4,-151.35,-301.77,313.2,-23.55,156.57,-407.7,-107.55,-272.49,-360.9,-218.85,-258.7,302.4,-3.3,184.89,-330.3,-144.15,-221.67,350.55,1.05,124.15,288.9,23.4,109.38,-302.7,-276.0,-251.44,287.25,13.5,245.87,-374.25,-118.8,-259.67,-332.1,-130.2,-250.95,336.15,-88.8,116.64,-340.05,-171.45,-178.11,348.75,-29.4,197.23
357.15,-34.05,123.9,-376.2,-150.15,-301.29,314.7,-25.05,155.36,-407.1,-108.45,-270.07,-359.25,-218.1,-257.49,303.45,-4.05,185.37,-330.6,-145.05,-219.01,352.5,1.65,124.87,289.65,21.3,110.35,-303.3,-277.35,-252.41,287.4,13.8,246.11,-373.35,-118.95,-259.42,-332.25,-130.95,-251.44,335.85,-89.55,118.58,-339.9,-171.3,-178.35,349.05,-28.05,198.92
356.55,-33.3,121.97,-376.8,-151.2,-301.29,313.95,-24.15,156.09,-407.1,-108.6,-270.31,-359.1,-218.55,-257.97,302.25,-3.9,184.4,-330.9,-144.6,-220.7,352.5,1.5,123.66,290.4,22.05,110.59,-302.85,-276.9,-254.1,286.65,13.5,244.66,-373.35,-117.9,-259.67,-331.95,-131.25,-251.68,336.3,-90.15,119.55,-339.6,-170.85,-178.35,349.35,-27.45,199.17
356.55,-33.45,123.42,-377.4,-150.6,-303.23,313.35,-23.7,155.12,-406.5,-108.75,-270.07,-360.15,-217.95,-256.76,303.0,-3.15,185.13,-329.85,-145.5,-220.7,351.15,2.25,124.15,289.05,21.45,109.38,-303.45,-277.5,-251.44,286.8,14.4,244.9,-374.4,-117.3,-259.91,-332.4,-130.95,-251.2,336.3,-89.4,118.1,-340.05,-171.6,-177.63,349.35,-28.8,197.47
356.85,-33.9,124.15,-377.1,-150.15,-301.77,314.1,-24.0,154.64,-406.2,-108.15,-271.28,-360.9,-218.1,-256.04,303.0,-2.85,184.65,-330.45,-144.9,-219.74,351.9,1.95,123.66,289.65,21.75,108.42,-304.2,-276.45,-251.68,286.65,13.65,244.18,-372.75,-118.05,-259.67,-332.1,-132.0,-250.71,335.1,-89.7,117.85,-340.2,-171.75,-177.63,348.45,-29.25,197.96
356.7,-33.15,124.39,-376.05,-151.5,-301.05,313.65,-24.0,156.09,-406.8,-109.05,-270.31,-360.3,-218.25,-258.7,304.5,-4.05,184.89,-330.9,-144.3,-218.53,351.9,1.95,124.15,289.35,22.35,110.11,-303.15,-277.8,-251.44,286.95,14.1,245.15,-374.85,-118.95,-259.18,-332.25,-131.7,-251.2,335.85,-89.1,120.52,-340.05,-171.45,-178.84,349.2,-27.9,197.47
357.15,-33.75,123.66,-376.05,-151.35,-301.29,313.95,-23.55,154.88,-407.25,-107.7,-269.35,-360.6,-218.55,-255.55,303.0,-3.6,184.16,-329.55,-144.9,-219.49,350.4,1.2,125.11,290.85,23.4,109.63,-302.85,-277.65,-251.92,286.2,14.25,244.66,-372.9,-117.45,-258.46,-332.7,-132.15,-250.95,335.4,-90.0,117.85,-338.55,-171.3,-177.39,350.25,-28.05,198.44
355.35,-34.5,122.21,-376.5,-150.3,-301.53,313.05,-24.45,155.85,-406.05,-109.35,-271.28,-359.55,-218.85,-256.52,303.6,-4.05,184.89,-330.75,-144.3,-220.7,350.7,1.35,125.11,290.55,22.5,112.05,-303.0,-278.4,-251.2,287.4,15.0,242.97,-372.9,-117.6,-258.94,-333.3,-130.8,-250.47,335.1,-90.15,119.06,-339.3,-170.7,-177.63,349.35,-28.8,197.23
356.7,-33.9,123.66,-376.5,-150.6,-301.53,313.65,-24.45,155.85,-407.1,-109.2,-271.28,-359.1,-219.0,-259.67,302.55,-4.2,186.58,-331.05,-145.8,-220.95,350.85,1.65,122.94,290.55,22.8,109.63,-303.45,-277.35,-252.65,287.4,14.85,244.42,-373.2,-118.05,-260.39,-331.8,-130.95,-251.44,336.45,-89.7,119.06,-339.3,-172.05,-176.66,349.5,-28.35,198.2
357.0,-33.9,123.9,-376.65,-150.75,-301.53,314.25,-24.45,155.85,-406.2,-108.75,-270.31,-361.2,-219.0,-257.73,303.15,-2.4,183.92,-330.9,-144.9,-220.22,351.45,2.1,124.39,289.8,21.3,110.59,-303.0,-278.1,-251.2,286.8,15.45,243.21,-373.8,-117.9,-259.18,-331.8,-131.4,-252.41,335.55,-90.15,117.61,-339.9,-171.75,-179.81,349.05,-28.05,197.71
356.85,-32.85,123.9,-377.4,-150.45,-301.29,313.05,-24.3,157.06,-408.0,-108.75,-269.35,-359.85,-219.3,-256.76,302.1,-4.2,185.86,-330.9,-145.2,-220.95,351.45,1.8,124.39,289.5,22.95,110.84,-302.85,-277.05,-251.68,287.4,13.8,245.15,-373.05,-117.3,-259.18,-331.05,-130.5,-251.2,335.1,-90.0,116.4,-339.45,-170.7,-177.14,349.8,-27.3,199.17
356.55,-33.15,124.15,-376.5,-150.3,-300.56,313.35,-24.75,154.88,-406.95,-108.6,-269.35,-359.55,-218.7,-256.52,302.85,-3.15,184.4,-331.65,-145.8,-220.22,350.85,2.25,123.9,290.1,23.25,109.87,-303.6,-277.65,-250.95,287.1,14.25,245.39,-373.35,-118.95,-257.97,-331.8,-131.7,-250.95,335.7,-89.25,116.89,-339.9,-171.75,-179.32,349.65,-28.2,197.71
357.6,-33.75,122.94,-376.65,-150.75,-302.74,314.7,-24.75,155.61,-406.5,-109.35,-269.83,-360.9,-218.25,-257.25,303.9,-2.7,186.58,-330.0,-144.45,-219.01,352.2,1.65,123.42,288.6,23.1,109.63,-302.55,-277.05,-251.68,286.5,14.1,244.9,-373.95,-117.9,-259.42,-331.95,-131.4,-249.5,335.4,-89.7,117.85,-339.45,-171.3,-177.14,349.35,-27.9,198.92
355.95,-34.2,123.18,-375.75,-149.85,-302.98,312.15,-23.85,155.61,-408.45,-107.55,-270.56,-360.0,-219.45,-256.52,303.75,-4.65,185.37,-329.55,-146.25,-219.98,352.2,2.1,125.6,289.35,21.75,109.63,-303.0,-278.55,-250.95,286.2,14.25,245.63,-373.8,-117.15,-258.7,-332.85,-130.95,-250.71,336.45,-90.0,118.34,-339.45,-171.45,-178.11,348.6,-27.75,196.26
357.3,-34.5,123.42,-376.65,-151.05,-300.08,313.8,-24.45,156.33,-406.65,-108.15,-269.35,-357.75,-218.85,-254.34,302.4,-4.95,184.16,-330.75,-144.0,-220.22,351.45,2.85,123.18,289.35,22.5,110.11,-302.85,-277.05,-250.95,287.55,14.4,246.11,-373.5,-118.2,-257.73,-332.25,-131.7,-251.44,335.4,-90.0,118.34,-340.95,-172.35,-178.84,349.2,-27.3,197.96
355.95,-33.15,123.42,-375.45,-152.1,-301.53,314.85,-23.1,155.12,-407.1,-109.05,-270.07,-357.9,-217.65,-252.41,301.65,-5.85,183.44,-330.3,-145.35,-222.16,352.05,2.85,124.39,289.95,21.45,110.35,-303.3,-278.1,-251.92,288.3,13.35,245.15,-374.7,-118.05,-259.67,-332.4,-132.6,-251.2,335.85,-89.85,118.34,-339.3,-170.85,-180.05,349.2,-27.3,199.41
354.75,-32.7,126.32,-375.0,-151.65,-302.74,314.4,-24.3,157.3,-406.65,-109.2,-270.8,-356.55,-215.4,-250.47,301.2,-7.8,181.26,-331.8,-145.8,-219.74,352.35,1.2,123.42,291.45,22.95,113.26,-303.75,-277.8,-252.65,287.55,13.2,246.36,-372.9,-118.65,-260.63,-331.65,-131.7,-251.2,335.4,-89.55,117.85,-339.6,-170.85,-178.35,348.15,-28.5,196.26
353.55,-32.25,125.84,-373.95,-152.55,-302.02,315.75,-23.55,156.09,-407.55,-109.95,-268.86,-355.35,-214.05,-246.6,299.1,-9.3,179.81,-331.5,-145.65,-221.67,352.35,0.9,123.9,290.7,23.25,111.08,-305.1,-277.2,-254.58,286.5,13.95,246.11,-374.25,-118.05,-259.42,-331.5,-130.95,-251.2,335.85,-89.25,119.31,-340.05,-171.9,-177.87,349.8,-27.75,197.47
351.45,-30.75,127.78,-372.75,-152.7,-303.23,315.3,-24.3,155.12,-407.25,-108.6,-269.83,-351.15,-211.8,-244.18,296.85,-10.8,176.66,-332.55,-146.1,-221.43,352.5,1.65,125.6,291.15,23.7,112.05,-304.95,-278.7,-256.04,288.75,14.85,244.66,-373.65,-118.95,-259.42,-331.35,-131.55,-252.41,335.85,-88.95,119.79,-340.2,-171.9,-178.35,350.1,-28.05,197.47
350.25,-30.3,127.53,-372.3,-153.6,-302.98,316.2,-25.35,156.33,-407.4,-108.75,-270.56,-351.0,-209.85,-237.89,294.75,-12.75,173.76,-332.7,-146.55,-222.64,352.35,1.5,125.6,291.75,24.3,110.35,-304.35,-278.55,-256.52,288.15,13.5,245.39,-373.8,-118.65,-259.91,-332.7,-130.8,-251.44,336.0,-89.4,119.55,-340.95,-171.3,-177.63,350.1,-29.1,199.89
349.2,-29.55,128.5,-370.05,-153.75,-303.71,318.0,-24.15,155.61,-407.85,-109.35,-271.77,-348.0,-208.95,-233.05,293.25,-14.1,169.4,-332.25,-147.0,-221.43,352.5,1.8,125.6,292.8,25.95,112.29,-306.0,-278.25,-254.83,288.0,13.65,248.05,-376.05,-118.65,-261.36,-331.5,-132.3,-252.65,337.2,-89.25,119.79,-339.75,-172.95,-178.84,350.1,-28.35,198.68
347.7,-27.0,132.37,-368.4,-155.4,-304.68,317.55,-24.9,157.06,-407.7,-109.8,-271.28,-345.3,-205.8,-229.9,291.75,-16.8,165.04,-333.3,-146.85,-222.4,353.25,0.0,125.36,293.55,26.4,114.71,-307.5,-278.7,-257.49,288.75,14.7,247.81,-375.45,-118.5,-259.42,-332.25,-131.85,-253.37,337.5,-88.05,119.31,-341.55,-172.95,-179.81,349.65,-27.6,198.44
346.65,-27.0,134.31,-367.35,-154.95,-306.37,319.05,-25.05,157.3,-409.05,-108.75,-271.28,-344.85,-204.6,-227.96,291.0,-16.8,166.98,-334.35,-148.2,-223.12,353.1,0.9,124.63,293.55,25.65,114.95,-308.25,-278.25,-255.55,288.6,14.55,246.84,-375.0,-119.25,-261.6,-333.45,-132.6,-252.65,337.5,-87.6,119.79,-341.4,-172.35,-177.87,350.25,-27.75,198.68
348.0,-27.9,131.89,-366.75,-154.95,-305.65,318.45,-25.05,156.09,-407.25,-109.05,-269.83,-345.6,-204.15,-229.42,291.45,-18.15,165.29,-333.75,-147.3,-224.33,353.4,1.5,124.39,293.7,25.95,113.5,-307.65,-279.15,-257.0,289.05,13.95,246.6,-374.7,-119.1,-260.15,-333.6,-130.65,-252.89,336.75,-88.5,118.82,-340.8,-171.9,-179.81,349.5,-27.75,199.41
348.3,-26.85,130.92,-366.75,-153.9,-306.86,319.35,-25.5,154.88,-408.3,-108.9,-270.8,-345.45,-203.85,-230.38,290.85,-16.35,166.5,-333.75,-147.0,-224.09,353.55,0.9,125.11,292.5,25.95,113.98,-307.65,-279.3,-257.49,288.6,14.4,249.02,-373.95,-119.25,-260.15,-333.3,-131.4,-252.16,338.7,-89.85,118.34,-340.5,-172.8,-180.77,349.35,-27.3,198.92
348.3,-26.55,131.41,-366.75,-155.25,-304.68,317.7,-24.45,157.78,-407.85,-109.65,-270.31,-346.05,-204.45,-228.45,291.45,-17.55,165.29,-334.65,-146.7,-223.12,353.1,1.05,123.42,292.05,27.0,112.05,-308.1,-278.1,-257.49,289.05,13.5,247.08,-375.15,-119.4,-261.84,-332.85,-131.85,-252.16,336.3,-88.5,118.58,-341.7,-172.35,-178.35,349.8,-26.55,198.68
347.85,-26.4,132.86,-367.5,-154.95,-305.4,317.85,-24.6,157.54,-409.65,-108.9,-271.77,-346.05,-203.7,-229.42,290.4,-17.7,166.74,-334.05,-147.3,-223.12,353.4,1.5,125.11,293.1,26.1,113.01,-306.9,-277.5,-256.04,288.9,13.5,247.57,-374.7,-118.2,-260.15,-332.55,-131.1,-251.44,337.05,-89.1,120.52,-340.05,-171.9,-178.84,349.2,-27.75,198.2
348.0,-26.25,133.1,-367.2,-154.65,-307.58,317.7,-25.2,155.36,-407.55,-108.45,-271.04,-345.45,-204.75,-227.96,291.15,-16.95,165.29,-333.9,-147.45,-223.61,353.4,0.6,126.57,292.5,25.65,113.26,-308.55,-277.95,-256.52,289.05,14.4,246.84,-375.3,-117.75,-260.15,-332.7,-132.15,-250.47,337.65,-90.15,119.79,-342.9,-172.5,-181.02,349.65,-28.05,198.92
348.9,-26.7,131.65,-367.5,-155.25,-306.37,317.85,-25.8,157.78,-407.85,-108.9,-270.07,-346.05,-204.3,-227.72,291.3,-17.85,167.22,-334.05,-147.75,-224.33,352.8,1.35,125.11,292.95,25.35,115.19,-308.1,-277.8,-255.79,289.35,14.25,249.26,-374.55,-117.75,-261.12,-332.1,-132.3,-250.95,337.5,-88.2,120.03,-341.55,-171.3,-180.29,349.35,-26.85,199.65
348.0,-26.85,130.68,-367.5,-154.95,-306.86,317.7,-25.5,155.85,-408.6,-108.45,-271.04,-345.9,-204.45,-227.0,291.6,-16.65,166.01,-334.2,-148.05,-222.16,352.5,1.2,125.6,293.4,26.25,113.26,-307.35,-278.7,-256.52,289.8,14.55,247.57,-374.25,-117.9,-260.39,-333.0,-130.05,-252.89,337.65,-89.55,120.03,-341.1,-172.2,-179.08,350.4,-27.6,198.44
349.05,-27.0,133.1,-366.3,-155.55,-305.4,318.3,-24.9,155.61,-409.8,-107.7,-269.59,-346.65,-204.3,-228.69,291.3,-17.25,166.5,-334.35,-146.55,-224.58,352.8,0.6,125.6,292.8,25.35,112.53,-306.45,-278.7,-256.76,287.7,14.4,247.57,-374.85,-118.95,-259.42,-333.0,-132.75,-252.41,337.05,-88.95,118.58,-342.0,-171.6,-177.14,350.4,-28.35,197.96
347.1,-26.85,133.58,-367.5,-155.85,-306.13,319.05,-25.95,156.09,-408.6,-108.45,-271.77,-345.45,-205.8,-227.0,291.15,-17.4,166.01,-333.75,-147.0,-223.37,354.0,1.65,125.6,292.8,25.8,114.47,-307.2,-277.8,-256.52,288.75,15.15,247.32,-375.15,-118.95,-260.88,-332.85,-131.85,-253.37,337.2,-88.65,118.34,-341.1,-171.9,-179.32,349.8,-27.6,199.17
348.45,-26.7,132.62,-367.05,-155.25,-307.58,317.85,-25.35,155.61,-407.7,-108.45,-271.04,-345.9,-204.15,-229.66,291.75,-16.95,166.25,-333.75,-146.4,-223.12,351.6,1.65,126.08,292.05,25.35,115.92,-307.5,-278.4,-256.04,288.45,13.05,247.32,-374.85,-119.4,-260.63,-331.95,-130.8,-252.41,337.2,-88.5,119.06,-341.7,-172.35,-179.32,350.25,-27.9,198.68
348.75,-28.05,131.16,-367.65,-155.25,-305.4,317.85,-25.05,156.09,-408.0,-109.2,-271.04,-347.4,-205.8,-232.8,292.35,-16.65,168.43,-332.55,-147.0,-223.12,353.4,0.9,125.6,292.2,25.5,113.26,-306.9,-277.95,-256.04,288.3,13.65,247.57,-375.0,-118.35,-260.63,-332.25,-132.0,-254.1,336.15,-88.2,120.27,-340.8,-170.85,-179.32,350.7,-27.6,198.2
349.8,-28.8,129.95,-370.2,-153.3,-304.19,316.95,-24.6,157.78,-407.85,-108.75,-271.28,-350.1,-210.15,-236.43,294.6,-14.55,172.06,-333.3,-145.8,-222.64,352.35,0.9,124.15,290.85,24.9,113.5,-305.55,-278.25,-255.31,288.6,14.4,247.32,-374.25,-118.35,-259.67,-333.0,-131.55,-251.2,336.0,-88.5,117.85,-340.8,-172.05,-178.6,349.2,-27.6,196.99
351.3,-28.95,127.53,-371.85,-153.6,-303.47,315.75,-24.75,156.33,-408.15,-109.35,-268.14,-351.6,-211.65,-240.31,296.25,-13.2,176.42,-333.15,-146.4,-222.64,352.5,2.25,125.11,291.45,24.15,113.74,-306.3,-277.65,-255.79,287.85,13.65,247.81,-373.5,-118.35,-259.42,-332.7,-131.25,-252.16,336.6,-88.95,117.85,-340.05,-171.15,-177.63,349.8,-27.6,198.44
353.7,-30.0,127.78,-372.45,-152.1,-302.02,316.8,-23.55,154.64,-407.85,-107.7,-270.07,-354.75,-213.45,-244.42,298.5,-10.95,177.14,-331.5,-145.35,-219.74,352.5,2.4,124.39,291.75,24.0,110.11,-304.95,-276.75,-254.83,288.9,14.1,247.57,-373.95,-118.05,-259.67,-331.35,-131.25,-250.47,336.9,-88.2,118.34,-340.8,-171.15,-177.63,349.35,-28.5,198.2
354.45,-32.4,127.05,-373.8,-151.8,-300.32,314.25,-24.3,155.61,-407.7,-108.75,-269.59,-355.5,-214.65,-248.78,299.85,-8.55,182.47,-332.7,-143.85,-221.19,351.3,1.65,123.42,290.55,23.1,110.84,-303.9,-278.4,-252.89,287.7,15.0,246.84,-373.95,-118.2,-258.94,-332.7,-130.65,-251.92,336.75,-89.55,118.34,-340.5,-171.75,-179.32,348.75,-28.2,197.23
354.9,-32.4,125.11,-375.45,-151.5,-301.53,315.45,-24.0,156.33,-407.7,-108.75,-269.83,-357.15,-216.45,-250.95,300.6,-7.2,182.47,-330.0,-145.2,-220.7,351.3,1.35,124.63,289.95,23.4,110.84,-304.8,-277.95,-253.13,287.25,15.9,244.42,-373.05,-117.3,-259.18,-333.15,-130.05,-249.99,336.45,-89.25,118.34,-339.0,-172.05,-178.6,349.5,-27.6,196.5
355.5,-33.9,125.36,-375.45,-151.5,-300.08,313.95,-23.85,154.64,-406.8,-109.35,-271.77,-359.55,-217.8,-252.65,302.55,-6.3,184.4,-330.6,-145.2,-219.74,351.6,1.05,124.39,290.1,23.4,110.59,-303.45,-278.55,-251.92,288.45,14.55,245.63,-373.5,-118.65,-258.94,-331.8,-132.45,-251.2,335.7,-89.1,118.34,-339.75,-172.05,-177.87,350.85,-29.25,199.41
355.95,-33.0,123.9,-376.5,-150.75,-301.29,314.25,-23.7,155.36,-406.95,-108.75,-270.07,-359.25,-219.75,-256.76,302.7,-4.2,182.95,-331.35,-145.5,-220.95,351.75,1.8,124.87,289.05,22.95,108.9,-302.55,-276.9,-252.89,287.4,14.7,244.18,-373.8,-116.85,-258.46,-331.5,-131.55,-252.41,335.85,-88.95,116.89,-339.75,-171.3,-178.35,348.6,-28.2,196.99
356.25,-33.6,124.15,-376.8,-150.75,-302.5,313.65,-24.45,153.91,-407.1,-109.05,-270.07,-360.75,-217.95,-256.76,302.25,-3.45,185.61,-328.95,-145.05,-220.46,351.3,1.35,124.87,289.35,22.05,110.35,-304.5,-277.8,-251.44,287.1,13.35,244.9,-374.4,-118.05,-260.15,-332.25,-132.15,-252.41,336.15,-89.7,118.58,-340.2,-171.75,-178.6,350.4,-28.95,197.47
357.15,-32.85,124.63,-376.5,-149.7,-301.05,313.8,-23.7,154.88,-407.85,-108.0,-268.62,-359.85,-219.75,-258.21,304.05,-3.9,184.4,-330.0,-145.05,-222.16,350.85,1.05,126.57,289.5,23.25,109.38,-304.35,-278.25,-252.16,287.7,12.75,246.11,-373.35,-117.45,-258.21,-331.95,-131.55,-252.65,335.7,-88.65,116.64,-339.15,-171.45,-178.35,350.55,-26.25,198.2
356.4,-33.45,123.42,-376.65,-149.25,-300.08,314.25,-24.3,155.12,-407.1,-108.9,-271.04,-360.9,-219.0,-258.94,303.45,-3.75,184.16,-330.6,-145.35,-220.46,351.45,1.2,125.84,290.7,23.4,109.63,-302.7,-277.65,-251.44,286.8,13.35,245.87,-373.95,-118.65,-259.42,-331.35,-130.65,-252.65,335.55,-90.15,118.34,-338.55,-172.05,-179.32,348.15,-27.15,198.68
356.1,-33.6,123.18,-376.2,-150.3,-301.05,313.8,-24.6,155.61,-406.95,-108.15,-270.56,-360.6,-218.4,-256.76,304.35,-3.6,185.37,-330.75,-145.65,-219.98,351.9,0.6,123.18,289.95,22.2,111.8,-303.3,-276.6,-252.65,287.25,14.55,243.45,-373.8,-118.35,-260.63,-333.15,-130.95,-250.47,335.4,-89.55,116.4,-340.05,-171.15,-178.11,349.2,-27.75,198.2
356.55,-33.15,123.66,-376.65,-150.6,-300.81,313.5,-24.9,155.36,-406.5,-108.0,-270.8,-359.7,-218.1,-257.73,304.35,-2.7,185.13,-330.3,-144.75,-219.74,351.0,1.05,124.63,289.5,22.5,110.35,-302.85,-277.5,-252.41,286.65,14.25,245.63,-373.05,-116.85,-259.18,-331.5,-130.95,-251.44,335.7,-89.1,118.1,-340.35,-170.85,-179.32,348.9,-28.35,197.47
356.85,-33.6,123.42,-376.2,-151.35,-302.26,313.65,-23.7,154.4,-407.7,-108.6,-269.1,-360.75,-219.0,-256.28,303.0,-3.9,184.65,-331.35,-145.5,-221.43,351.45,1.35,124.39,289.05,22.05,110.84,-302.85,-276.9,-253.37,287.1,15.45,245.15,-373.8,-118.5,-259.91,-332.25,-131.4,-250.95,336.3,-88.5,118.82,-338.55,-172.2,-178.6,349.8,-28.65,198.44
356.25,-32.7,124.63,-376.95,-150.9,-299.84,313.8,-24.45,155.12,-407.25,-109.2,-269.35,-361.95,-218.7,-259.18,303.15,-3.45,185.61,-330.45,-144.3,-220.95,351.6,0.45,123.42,289.95,22.2,110.84,-303.45,-278.4,-250.23,285.9,13.35,243.69,-372.75,-118.2,-259.42,-331.2,-130.35,-250.47,336.0,-89.4,120.03,-339.0,-172.5,-178.84,348.9,-27.75,199.89
357.45,-33.45,123.9,-375.45,-150.15,-302.26,314.55,-24.0,156.33,-407.55,-108.6,-270.56,-361.05,-218.25,-257.25,303.75,-2.1,184.16,-331.05,-145.2,-220.7,352.05,-0.3,123.9,290.1,21.75,108.9,-302.25,-277.5,-253.13,286.65,13.65,244.9,-372.45,-117.3,-260.39,-332.1,-131.25,-251.68,335.4,-89.85,118.1,-340.95,-171.9,-177.87,349.35,-28.05,197.71
356.7,-34.2,123.66,-378.0,-151.2,-301.29,314.25,-24.75,154.64,-407.1,-108.15,-270.07,-359.85,-218.4,-257.73,303.0,-3.3,184.89,-329.85,-145.8,-220.46,352.5,3.0,124.63,289.35,22.5,108.42,-303.75,-277.65,-251.2,287.4,14.25,245.15,-372.6,-118.05,-260.15,-331.95,-131.1,-251.92,336.6,-88.8,118.82,-339.9,-171.9,-178.6,349.65,-28.05,198.92
