366.9,-25.95,154.15,-370.5,-125.55,-281.93,317.25,9.15,155.85,-399.9,-97.8,-303.23,-348.15,-212.7,-242.24,312.9,19.5,200.38,-336.0,-121.2,-221.43,324.75,5.55,77.68,297.75,28.95,117.37,-298.65,-267.15,-247.81,286.05,27.6,245.39,-377.25,-101.25,-260.15,-325.35,-125.1,-248.78,341.25,-80.25,119.06,-342.15,-163.35,-178.11,347.4,-21.3,197.96
365.85,-24.15,155.12,-369.75,-125.25,-282.41,318.0,9.6,153.91,-398.85,-97.2,-302.02,-348.15,-211.95,-242.24,313.5,17.55,199.65,-335.1,-121.35,-221.43,325.65,6.3,76.96,298.35,29.1,117.13,-299.55,-266.7,-247.81,286.95,28.05,244.9,-376.65,-101.1,-259.67,-325.5,-126.15,-249.26,340.95,-79.65,121.0,-340.05,-164.1,-178.11,346.95,-22.05,197.47
366.75,-24.75,153.91,-370.65,-126.15,-281.45,317.85,9.6,154.15,-398.1,-97.65,-301.53,-347.7,-211.35,-243.21,314.55,18.45,198.92,-335.25,-121.5,-221.67,324.75,5.4,75.75,298.65,28.2,120.76,-298.5,-265.65,-247.57,285.45,27.6,246.11,-378.6,-102.0,-260.63,-325.35,-124.95,-247.57,340.35,-80.1,122.94,-340.35,-165.15,-177.63,347.85,-22.05,197.47
365.55,-26.4,154.64,-369.75,-125.4,-280.24,318.45,9.0,154.4,-398.7,-97.8,-302.74,-347.4,-213.3,-241.03,313.5,18.9,200.38,-333.6,-121.2,-223.85,325.65,5.1,76.71,297.9,28.2,118.58,-300.0,-267.0,-248.78,285.6,28.5,246.6,-376.8,-101.7,-260.63,-325.5,-125.25,-247.32,340.35,-78.9,120.03,-340.35,-163.95,-178.11,347.55,-21.9,196.99
366.6,-25.2,154.4,-370.65,-125.4,-281.2,318.0,9.0,154.15,-399.0,-96.45,-302.98,-346.65,-212.7,-240.79,313.2,19.5,200.13,-335.7,-120.9,-222.88,325.35,5.85,75.75,298.95,28.95,117.85,-299.25,-266.85,-247.81,285.45,27.6,246.11,-376.95,-101.85,-260.63,-325.95,-125.85,-246.84,341.25,-80.25,121.24,-340.95,-165.45,-178.84,346.2,-22.05,198.92
366.75,-25.35,154.64,-369.45,-124.65,-281.69,317.1,8.25,154.15,-398.85,-97.5,-302.5,-347.4,-211.5,-242.24,314.55,17.85,201.1,-334.2,-121.05,-224.33,325.2,6.3,77.2,298.65,28.95,118.1,-299.25,-266.85,-247.57,286.5,27.15,245.15,-377.55,-100.8,-263.05,-325.5,-125.1,-249.02,340.8,-80.4,121.48,-340.95,-165.6,-179.08,348.75,-20.85,197.71
366.15,-24.75,155.85,-370.8,-124.95,-281.93,317.85,9.9,155.85,-397.65,-97.2,-302.74,-347.1,-212.1,-242.97,313.65,17.55,201.1,-334.5,-121.05,-222.88,324.75,5.7,76.96,298.05,29.55,120.03,-298.8,-267.0,-248.78,285.6,27.0,246.36,-378.15,-101.1,-260.63,-325.2,-124.95,-247.32,341.25,-79.5,120.27,-341.1,-164.55,-178.6,348.15,-21.9,197.47
366.15,-25.2,153.91,-370.65,-126.3,-282.41,317.85,8.1,155.36,-398.55,-97.8,-303.71,-347.1,-212.55,-243.21,312.9,17.1,201.59,-335.55,-121.2,-223.85,324.6,5.1,74.29,299.1,29.55,117.85,-300.0,-267.15,-247.57,286.8,27.9,245.87,-376.2,-101.7,-260.88,-325.95,-125.1,-247.08,340.95,-80.4,122.21,-340.8,-165.6,-179.08,347.4,-21.15,196.75
366.45,-24.6,154.4,-370.05,-125.85,-280.96,317.25,7.8,154.88,-398.7,-97.05,-303.71,-347.1,-212.1,-241.52,313.2,18.3,199.89,-335.7,-121.05,-222.4,325.65,6.0,76.23,298.2,29.4,118.58,-297.75,-266.85,-248.78,286.05,27.9,244.42,-377.7,-101.25,-259.91,-327.0,-124.8,-247.32,341.4,-81.15,120.27,-340.8,-164.4,-178.84,347.4,-21.0,197.23
366.45,-24.9,155.61,-370.5,-125.25,-282.17,317.1,8.4,152.7,-397.95,-97.65,-302.02,-347.1,-212.85,-242.24,314.4,16.8,199.89,-335.85,-120.6,-220.95,325.2,4.8,77.68,298.05,29.1,118.34,-298.35,-267.3,-247.08,284.4,27.75,246.11,-377.7,-102.15,-260.63,-325.35,-124.65,-247.81,341.4,-79.8,120.76,-340.05,-164.25,-180.77,347.7,-20.55,196.26
366.6,-25.05,154.64,-369.3,-126.45,-282.66,318.3,8.1,154.4,-398.55,-95.85,-301.53,-347.25,-213.0,-244.42,313.95,18.6,200.38,-334.65,-120.45,-221.43,324.15,5.7,75.75,298.2,28.95,117.13,-298.5,-266.85,-247.81,285.6,26.7,246.11,-377.4,-101.85,-260.88,-325.65,-125.55,-248.53,340.35,-79.5,121.48,-341.55,-165.75,-178.35,346.95,-21.6,198.2
366.45,-24.75,154.4,-369.6,-125.55,-281.2,317.1,9.45,154.4,-398.4,-97.05,-303.47,-347.7,-211.65,-242.24,314.1,17.7,199.89,-334.8,-121.35,-222.16,324.6,6.3,76.71,297.9,29.1,118.58,-299.25,-266.4,-248.53,285.3,28.35,245.39,-376.65,-100.2,-259.91,-324.15,-124.95,-247.32,341.7,-79.95,121.73,-340.8,-164.85,-178.6,347.4,-21.3,198.2
366.45,-25.35,154.15,-370.95,-125.25,-280.24,318.3,9.15,153.19,-398.4,-97.95,-302.74,-346.65,-213.15,-241.27,313.95,18.3,200.38,-335.7,-121.65,-223.12,324.45,5.1,76.47,298.2,29.7,119.31,-298.5,-267.0,-248.78,285.9,28.2,244.66,-377.55,-101.4,-261.6,-326.1,-126.15,-249.74,340.8,-80.55,122.69,-341.4,-164.25,-178.11,347.1,-20.7,197.23
366.0,-25.35,155.61,-370.2,-125.85,-281.2,318.3,9.45,154.4,-398.25,-97.65,-301.77,-348.15,-211.8,-241.27,314.55,18.9,200.62,-335.4,-121.5,-224.09,325.35,6.45,76.96,298.35,28.95,118.1,-299.85,-267.75,-248.53,286.2,26.4,246.84,-377.55,-100.95,-260.39,-326.1,-125.1,-247.81,341.4,-79.65,119.79,-341.4,-163.8,-177.63,346.95,-21.0,197.47
366.0,-25.05,154.4,-370.5,-125.4,-281.45,316.95,9.9,154.88,-397.65,-97.65,-302.5,-347.7,-213.3,-242.97,313.95,18.15,201.34,-335.55,-121.2,-222.4,324.15,6.15,76.47,298.8,28.95,120.03,-299.1,-267.15,-248.05,285.75,28.05,246.6,-377.1,-102.0,-260.88,-325.35,-124.65,-248.53,341.25,-81.15,119.55,-340.8,-165.3,-177.39,347.55,-21.3,196.75
365.55,-24.75,154.88,-369.3,-125.4,-281.69,317.1,8.4,153.43,-398.85,-96.75,-303.47,-347.7,-213.45,-243.21,314.1,17.25,200.38,-334.95,-120.75,-221.91,325.5,4.95,76.71,299.25,28.8,117.85,-299.25,-266.4,-246.36,286.65,28.2,246.6,-377.55,-100.5,-258.94,-325.5,-124.5,-246.6,340.65,-79.95,121.48,-341.25,-164.7,-177.87,347.4,-20.25,197.96
364.95,-25.65,155.61,-370.05,-125.1,-282.41,318.0,9.15,155.61,-397.95,-96.75,-303.23,-347.1,-211.8,-241.03,313.8,18.9,199.41,-334.35,-120.75,-222.16,325.5,6.3,77.2,298.65,28.5,118.34,-299.7,-266.7,-249.02,285.3,27.15,245.63,-376.8,-101.7,-260.63,-326.7,-125.7,-248.53,340.95,-80.55,121.73,-340.35,-166.95,-179.32,346.95,-21.75,196.5
366.9,-25.95,155.36,-370.35,-125.1,-280.96,318.0,9.45,155.61,-399.3,-98.1,-301.77,-346.95,-211.65,-241.76,314.85,18.45,199.65,-334.95,-121.2,-221.91,325.5,5.7,76.47,298.5,28.8,118.1,-298.05,-267.45,-247.57,285.75,28.2,246.6,-376.8,-101.85,-259.91,-325.8,-125.4,-248.05,341.25,-80.4,120.76,-341.55,-165.0,-178.11,347.55,-22.2,196.99
366.9,-23.85,154.4,-368.7,-125.1,-281.45,317.85,8.25,154.88,-398.4,-96.6,-303.71,-348.45,-211.5,-242.73,313.95,18.3,198.44,-336.0,-120.3,-220.7,324.9,6.0,76.71,298.05,28.5,116.64,-299.4,-266.55,-247.57,284.55,27.0,246.36,-376.5,-100.95,-261.12,-326.4,-125.7,-248.05,341.55,-80.7,122.45,-341.85,-165.3,-177.14,348.0,-21.75,200.13
366.15,-26.25,156.33,-370.8,-125.7,-282.66,317.4,9.0,152.94,-398.85,-96.9,-302.02,-347.85,-212.1,-242.24,313.35,17.7,199.65,-335.25,-121.5,-222.4,324.75,6.75,76.23,298.5,29.25,118.34,-298.65,-267.3,-247.81,286.05,28.2,245.63,-377.4,-100.65,-260.63,-325.05,-125.55,-247.57,341.4,-79.35,122.45,-339.0,-164.25,-177.63,347.4,-22.95,197.71
365.4,-26.4,155.12,-369.75,-126.75,-281.2,317.25,8.1,153.67,-398.25,-98.1,-302.26,-346.95,-211.65,-242.24,313.2,18.9,200.38,-335.7,-120.9,-221.91,325.2,6.75,76.96,298.8,28.2,117.85,-299.25,-266.1,-247.57,285.9,27.3,245.87,-377.4,-101.25,-260.15,-325.05,-124.5,-247.57,341.7,-79.35,122.45,-341.25,-164.7,-178.84,346.65,-22.05,197.96
366.15,-24.6,154.4,-371.85,-125.55,-281.45,318.75,9.45,155.36,-398.4,-96.6,-302.74,-347.4,-212.4,-242.0,314.55,16.8,201.1,-335.55,-122.1,-223.85,325.35,6.75,78.17,298.2,28.65,119.79,-298.95,-267.9,-248.78,285.6,26.85,245.39,-377.25,-101.55,-260.39,-325.8,-125.4,-248.05,340.65,-79.35,121.48,-341.85,-164.7,-178.84,347.85,-21.6,197.71
365.85,-24.75,154.4,-370.05,-125.25,-280.48,318.0,8.85,155.36,-397.65,-97.2,-302.26,-348.6,-212.4,-240.79,313.65,18.45,201.34,-334.95,-121.05,-223.37,325.05,5.25,76.71,298.65,28.35,118.1,-299.7,-265.95,-247.08,286.2,27.6,244.66,-377.7,-101.85,-260.88,-325.65,-124.5,-248.53,340.8,-78.6,121.73,-341.4,-164.4,-178.35,347.25,-21.6,196.5
364.95,-25.2,157.06,-369.75,-126.9,-282.17,317.7,8.55,155.36,-398.4,-97.65,-302.98,-346.5,-212.1,-242.97,314.4,18.3,200.38,-335.1,-119.85,-222.64,324.45,5.25,77.92,297.9,28.5,118.1,-299.4,-267.0,-248.29,285.15,28.65,246.11,-376.95,-100.5,-259.67,-325.5,-125.55,-248.29,341.7,-80.1,118.58,-340.35,-165.3,-178.11,346.65,-21.6,196.5
366.6,-24.15,155.12,-369.6,-125.25,-280.96,318.6,8.85,156.33,-397.95,-98.25,-301.53,-349.8,-212.1,-242.24,313.65,19.05,200.13,-334.8,-120.75,-221.91,326.25,6.45,77.2,299.25,29.25,117.61,-298.65,-267.3,-247.32,286.5,26.7,245.87,-377.25,-101.55,-260.63,-325.5,-124.8,-248.53,340.65,-79.65,120.03,-340.95,-163.2,-178.6,346.65,-22.35,196.26
366.0,-25.2,155.36,-370.95,-125.55,-280.96,318.3,8.25,154.64,-399.0,-96.9,-303.23,-348.0,-213.3,-242.24,314.25,17.7,199.89,-334.95,-121.5,-222.4,324.3,7.05,77.92,298.65,28.2,117.85,-299.55,-266.85,-248.05,286.5,27.15,245.15,-377.25,-101.7,-259.42,-325.65,-125.7,-247.81,340.65,-80.4,121.73,-341.55,-165.45,-179.08,347.4,-22.05,197.47
366.3,-25.35,155.36,-368.85,-125.1,-281.2,317.4,9.45,153.43,-399.3,-97.5,-301.77,-346.95,-212.7,-241.76,314.1,17.1,199.89,-336.3,-120.75,-222.88,325.05,5.1,77.44,299.55,29.4,117.37,-299.4,-266.1,-248.29,285.15,27.9,244.9,-376.5,-102.0,-260.15,-325.65,-125.7,-249.02,340.35,-79.65,120.76,-341.25,-164.85,-177.39,346.95,-21.9,197.96
365.25,-25.05,154.4,-370.65,-126.0,-281.45,318.45,8.55,153.43,-398.4,-96.6,-302.26,-346.95,-211.2,-241.27,313.5,18.6,201.1,-335.7,-122.7,-222.16,325.5,6.3,75.75,298.35,29.4,119.06,-298.2,-265.95,-249.26,285.6,27.6,245.87,-377.4,-102.3,-259.91,-326.25,-125.85,-248.29,341.25,-80.25,120.03,-341.55,-164.4,-179.81,347.25,-21.6,196.5
366.3,-24.45,153.43,-370.05,-125.25,-280.72,318.45,8.55,153.91,-397.95,-96.9,-302.02,-346.05,-212.1,-242.97,314.1,17.55,201.1,-335.25,-120.15,-221.67,324.9,5.7,75.75,298.2,29.7,118.34,-298.2,-266.1,-245.87,287.1,26.7,246.6,-376.5,-100.95,-259.42,-325.95,-126.15,-246.84,341.4,-79.2,121.48,-341.85,-165.6,-178.84,347.25,-22.8,197.71
365.55,-25.5,154.15,-368.85,-126.0,-281.45,316.65,9.9,153.43,-397.95,-97.05,-303.47,-346.65,-213.3,-242.73,313.05,18.0,199.65,-335.1,-120.45,-222.64,325.35,6.0,76.96,297.6,29.4,118.58,-298.5,-267.6,-248.78,286.65,27.6,247.57,-377.85,-101.25,-260.88,-326.1,-124.2,-248.05,341.1,-79.65,120.76,-341.1,-165.15,-179.08,347.4,-21.3,196.02
366.15,-25.2,154.88,-368.7,-124.8,-281.93,318.0,10.05,154.15,-398.7,-97.35,-302.02,-347.55,-212.4,-242.97,313.2,18.45,200.38,-334.65,-121.2,-223.12,325.2,5.7,77.92,298.35,28.5,117.85,-299.4,-266.85,-247.81,285.15,27.9,246.11,-376.95,-102.15,-260.15,-325.2,-125.55,-248.53,341.1,-79.5,120.03,-340.8,-164.4,-180.05,347.55,-21.75,196.75
366.75,-25.05,154.64,-369.45,-125.25,-281.69,317.55,9.15,152.94,-397.8,-97.05,-302.26,-348.6,-213.15,-242.24,313.8,18.45,199.65,-334.65,-121.95,-222.16,325.65,5.7,76.71,298.65,28.5,116.4,-298.95,-266.55,-246.11,285.15,27.6,245.39,-376.5,-100.95,-260.15,-325.35,-124.65,-249.02,341.25,-79.5,120.03,-341.1,-164.25,-179.81,347.7,-20.4,197.96
366.0,-25.05,155.36,-369.75,-126.15,-281.2,317.1,7.5,153.19,-398.25,-97.5,-300.32,-347.4,-213.15,-241.76,313.2,17.7,201.59,-334.95,-120.9,-222.4,325.35,5.55,75.5,298.65,29.1,117.85,-298.8,-267.3,-248.53,286.2,27.45,245.63,-377.55,-101.85,-259.42,-327.6,-124.95,-249.02,339.75,-81.0,121.0,-341.4,-165.15,-180.29,347.55,-22.05,198.68
366.45,-26.1,155.36,-369.45,-125.1,-280.24,318.0,8.4,156.09,-397.95,-97.05,-302.26,-346.35,-212.55,-242.24,313.95,19.2,200.86,-335.25,-121.65,-220.7,325.5,6.0,75.99,298.05,28.05,118.82,-297.75,-266.4,-247.08,287.1,27.0,244.9,-378.15,-102.0,-261.84,-325.8,-125.1,-247.57,340.8,-80.4,121.97,-341.4,-164.1,-176.66,347.55,-20.55,197.71
365.7,-24.9,153.91,-369.6,-125.7,-281.45,318.15,9.75,154.64,-399.15,-97.05,-303.47,-347.7,-212.55,-242.0,313.8,18.0,199.41,-334.95,-120.75,-221.91,324.9,5.7,76.23,298.5,29.7,119.31,-300.15,-267.3,-247.57,286.35,27.6,245.87,-378.3,-100.8,-259.42,-324.75,-124.8,-247.08,340.65,-79.65,121.48,-342.15,-165.15,-178.6,346.95,-20.55,197.23
366.9,-24.6,153.43,-369.45,-125.55,-282.41,317.7,7.65,156.57,-398.85,-96.0,-303.71,-347.7,-211.8,-243.21,313.95,19.65,201.1,-334.65,-121.95,-222.64,326.1,5.7,76.96,299.25,28.05,116.89,-299.55,-266.25,-246.36,286.8,27.15,244.9,-377.4,-102.0,-260.88,-325.35,-125.55,-247.81,340.65,-79.65,121.97,-340.8,-164.7,-177.87,346.5,-21.3,197.47
366.0,-25.35,154.64,-370.2,-125.7,-282.17,317.85,8.1,155.85,-397.95,-97.8,-302.02,-347.25,-212.1,-242.97,313.35,17.55,199.89,-335.4,-121.65,-222.64,324.75,6.0,76.96,298.35,28.95,117.61,-298.35,-265.5,-247.57,286.2,27.45,245.15,-377.25,-101.4,-260.88,-325.95,-124.95,-248.78,340.2,-79.8,120.27,-341.1,-165.9,-179.56,347.1,-21.75,196.99
365.85,-25.95,155.36,-370.05,-125.85,-281.2,318.3,7.95,154.64,-397.95,-97.95,-301.77,-347.7,-212.4,-241.03,313.65,18.9,200.86,-336.45,-120.45,-222.64,324.15,5.55,76.71,298.35,29.4,118.82,-298.95,-267.3,-246.36,286.05,27.3,246.6,-378.3,-102.0,-260.63,-326.85,-124.5,-247.57,340.65,-79.2,121.24,-341.25,-164.85,-179.56,347.55,-21.9,196.75
366.45,-24.75,154.64,-370.35,-124.95,-280.24,317.85,9.15,155.85,-398.7,-96.45,-302.74,-346.65,-213.0,-242.0,314.4,17.7,200.62,-335.1,-120.75,-220.7,325.05,5.1,76.96,298.5,29.1,117.85,-299.4,-267.3,-247.32,285.9,28.35,244.42,-377.1,-100.5,-259.18,-325.8,-125.25,-249.74,340.2,-80.1,121.48,-339.75,-164.7,-178.35,347.1,-21.9,197.96
365.7,-25.05,154.88,-369.3,-126.75,-281.93,318.6,8.7,154.88,-398.1,-97.05,-302.26,-346.8,-212.55,-241.27,313.65,18.0,200.62,-334.95,-120.6,-222.64,325.8,6.3,75.99,297.9,29.4,118.58,-298.35,-265.65,-246.6,286.65,28.05,245.15,-376.35,-101.25,-261.6,-326.55,-124.5,-246.6,341.55,-79.2,121.73,-340.2,-164.85,-178.84,347.7,-20.25,198.68
367.2,-25.65,153.91,-368.4,-125.55,-279.99,318.9,8.85,154.15,-397.95,-97.05,-302.98,-347.25,-212.7,-242.48,313.5,18.15,200.13,-334.8,-120.45,-222.16,324.6,5.4,77.44,299.7,28.05,119.06,-299.1,-266.55,-247.81,284.85,27.0,247.57,-376.95,-99.0,-261.84,-325.65,-126.15,-246.84,342.0,-80.25,121.24,-341.1,-165.0,-177.39,347.1,-21.3,198.44
366.45,-25.65,154.88,-369.75,-125.25,-282.66,318.3,9.3,153.67,-398.25,-97.65,-303.47,-348.15,-213.15,-242.48,313.8,18.15,199.41,-335.4,-121.35,-221.67,324.9,6.45,75.99,298.8,29.1,116.89,-298.8,-265.8,-247.32,286.95,27.6,247.32,-377.85,-102.0,-258.94,-325.5,-125.4,-248.53,341.4,-80.25,121.0,-339.9,-164.7,-179.32,347.4,-21.9,198.44
367.05,-25.2,154.15,-370.35,-124.8,-282.9,317.85,9.0,154.15,-398.55,-97.65,-303.47,-346.2,-211.05,-243.21,312.75,18.45,199.65,-335.1,-120.45,-222.64,325.05,6.0,75.5,298.8,28.8,118.58,-298.35,-267.0,-246.84,285.75,27.3,246.84,-375.9,-102.15,-260.15,-324.9,-125.85,-248.53,341.7,-79.5,121.73,-341.4,-164.85,-178.11,346.05,-20.55,195.78
366.15,-24.75,155.12,-368.85,-126.0,-282.17,316.5,7.8,152.94,-397.8,-96.3,-304.19,-347.4,-213.15,-242.73,313.5,17.7,199.89,-335.1,-121.05,-220.95,325.5,5.7,75.02,297.3,29.25,117.61,-299.25,-266.25,-248.29,285.15,27.75,244.9,-377.7,-101.25,-260.39,-325.95,-126.6,-247.57,341.25,-79.65,121.0,-340.8,-165.15,-179.32,346.8,-21.6,197.23
366.6,-25.2,152.94,-369.75,-125.85,-281.93,318.15,7.95,154.64,-399.3,-97.35,-302.74,-346.8,-211.8,-243.21,314.1,18.15,199.17,-335.4,-121.95,-222.4,324.75,5.7,76.47,297.9,29.4,118.34,-300.15,-265.95,-247.57,285.9,26.55,246.6,-377.55,-102.0,-261.12,-325.35,-124.35,-249.02,341.25,-79.35,119.31,-340.35,-165.45,-178.11,346.8,-22.05,197.96
366.45,-25.8,154.88,-371.4,-126.0,-280.48,317.85,9.3,154.64,-397.95,-97.2,-302.74,-346.95,-212.1,-242.0,314.25,16.8,200.38,-335.7,-120.15,-223.61,325.35,5.1,77.44,299.25,29.4,120.03,-298.35,-266.1,-248.05,286.5,26.55,244.9,-377.7,-102.15,-260.88,-325.95,-124.8,-247.57,340.95,-80.25,120.76,-339.9,-164.7,-179.81,345.75,-20.7,196.26
367.05,-24.6,155.12,-370.05,-125.4,-282.66,317.7,10.05,155.12,-398.85,-96.3,-303.71,-347.4,-212.4,-242.97,313.35,18.0,199.41,-336.75,-121.5,-220.46,324.3,6.6,76.71,297.9,28.8,118.1,-298.95,-266.85,-250.71,285.75,26.85,244.9,-377.7,-101.1,-259.67,-325.8,-124.5,-248.78,340.8,-80.25,120.76,-340.65,-165.3,-179.08,346.5,-21.15,198.44
365.55,-25.8,155.61,-370.95,-124.95,-283.14,316.5,9.0,154.88,-398.85,-97.35,-303.23,-348.3,-212.4,-241.03,314.7,17.85,200.86,-336.75,-120.15,-223.37,325.5,5.85,75.02,299.25,28.65,117.85,-299.7,-267.0,-249.74,286.2,27.3,246.6,-377.55,-100.65,-260.39,-325.35,-124.8,-247.08,340.65,-78.3,121.73,-340.65,-165.15,-178.6,346.65,-21.45,196.99
365.55,-25.5,154.88,-370.05,-126.45,-281.93,317.4,9.6,152.94,-396.6,-97.35,-302.74,-347.4,-212.7,-242.73,312.45,17.85,199.17,-336.15,-120.0,-224.33,325.35,6.0,75.5,298.2,28.8,117.37,-298.8,-267.45,-248.05,286.35,26.25,246.6,-377.85,-101.25,-260.15,-326.4,-124.8,-247.81,341.7,-79.5,122.21,-340.95,-164.4,-178.6,347.4,-20.85,196.75
366.45,-25.2,154.64,-370.35,-125.55,-280.96,317.55,9.15,154.64,-399.3,-96.6,-302.5,-347.25,-211.95,-243.45,314.1,18.3,199.89,-335.7,-120.6,-223.37,324.9,6.15,75.5,298.95,29.1,116.4,-299.25,-266.55,-247.08,285.0,26.55,243.69,-377.55,-101.1,-260.88,-325.05,-125.1,-251.44,341.25,-79.5,121.0,-341.55,-163.95,-180.29,346.2,-21.75,196.99
