356.85,-28.35,145.68,-373.2,-131.4,-274.91,300.9,-17.55,149.31,-415.2,-103.2,-274.19,-353.85,-215.4,-246.11,308.55,11.55,199.65,-333.45,-136.5,-217.56,351.45,9.45,124.87,295.95,25.8,117.61,-299.1,-270.75,-246.36,286.8,19.8,248.53,-368.55,-102.45,-252.16,-326.85,-127.05,-247.57,339.9,-81.6,121.48,-338.1,-166.8,-175.45,351.3,-22.8,197.71
356.85,-27.75,146.89,-372.0,-131.25,-271.28,300.9,-17.85,149.31,-414.75,-103.95,-273.94,-354.9,-215.85,-246.11,309.15,11.55,199.89,-333.15,-136.95,-217.8,350.55,9.75,125.6,295.35,26.4,118.82,-299.4,-270.45,-246.11,287.55,20.25,248.29,-368.85,-101.85,-252.16,-326.1,-126.75,-247.32,339.9,-82.95,121.73,-337.95,-166.95,-175.45,350.1,-22.35,199.89
356.1,-28.05,147.14,-372.15,-132.3,-270.56,300.0,-17.25,150.77,-414.6,-103.95,-273.7,-353.4,-215.55,-246.11,308.4,10.35,198.92,-332.55,-136.05,-215.86,351.45,9.45,123.18,294.75,27.75,117.37,-299.25,-271.5,-245.87,287.1,19.8,249.26,-367.95,-102.15,-253.86,-326.55,-126.0,-248.78,340.65,-82.95,120.52,-337.65,-166.65,-176.66,349.95,-22.35,199.41
356.25,-28.5,145.93,-374.1,-131.85,-273.22,299.1,-17.55,146.65,-415.05,-103.95,-274.67,-354.0,-216.15,-244.18,308.7,11.1,200.13,-333.0,-135.6,-216.83,351.0,10.2,125.6,295.35,27.0,118.1,-300.3,-271.35,-247.57,287.7,19.05,247.32,-368.1,-102.75,-252.41,-326.7,-126.3,-249.02,340.8,-81.45,122.21,-337.95,-166.95,-176.42,349.2,-23.7,199.41
355.95,-28.65,147.62,-373.5,-131.4,-274.43,300.9,-17.85,151.49,-414.9,-104.1,-276.36,-354.6,-216.45,-245.63,308.55,10.8,198.92,-333.15,-137.1,-217.56,350.85,9.9,125.6,294.75,26.25,118.1,-299.4,-270.3,-246.36,286.5,19.5,246.36,-369.9,-101.4,-254.34,-326.4,-126.6,-248.53,341.1,-82.5,122.94,-338.7,-166.65,-177.14,349.95,-22.95,200.13
357.0,-27.3,147.14,-372.9,-132.0,-273.94,301.05,-17.7,149.56,-414.15,-103.5,-272.49,-354.0,-215.7,-245.39,309.3,10.5,200.13,-332.55,-136.2,-217.07,350.55,10.35,126.08,295.2,26.55,116.89,-298.05,-271.5,-247.57,285.15,18.15,248.05,-369.6,-101.1,-253.62,-327.15,-126.75,-247.57,340.5,-82.65,120.03,-338.1,-166.65,-176.42,349.65,-22.5,200.38
356.1,-27.45,146.65,-373.35,-131.7,-273.7,299.55,-18.6,148.83,-414.3,-103.8,-274.91,-353.7,-214.8,-245.63,308.85,10.2,200.13,-332.7,-135.75,-217.8,351.3,9.9,126.08,294.6,26.25,118.82,-300.0,-270.45,-244.18,288.0,19.05,249.02,-369.3,-102.6,-253.86,-326.25,-126.9,-247.08,340.2,-81.9,122.69,-337.8,-166.8,-176.9,349.95,-22.65,199.17
356.25,-28.05,147.14,-373.35,-130.5,-273.22,300.45,-17.85,150.28,-413.85,-103.35,-273.46,-353.55,-215.4,-244.66,308.4,10.2,199.41,-334.2,-137.25,-217.07,351.3,10.05,126.57,295.95,27.45,116.16,-300.3,-272.1,-246.11,287.4,19.05,249.02,-369.0,-103.05,-252.16,-325.2,-126.45,-247.81,339.9,-81.9,121.73,-338.1,-166.95,-175.93,349.8,-23.7,199.41
356.25,-29.7,146.89,-373.5,-132.15,-272.25,299.85,-17.25,147.38,-414.3,-104.25,-274.19,-353.7,-215.55,-247.32,307.65,10.2,198.92,-332.25,-136.2,-216.83,351.0,8.55,126.81,294.75,26.7,117.61,-298.05,-271.2,-246.6,287.25,18.75,248.53,-368.7,-102.45,-252.89,-326.25,-126.75,-248.78,340.95,-82.2,122.94,-337.65,-166.95,-174.48,349.95,-23.4,199.41
355.65,-28.2,146.89,-372.75,-132.0,-272.49,300.45,-16.95,149.31,-416.25,-103.8,-273.7,-353.1,-215.85,-243.94,307.35,10.65,199.17,-332.4,-136.95,-217.07,351.15,10.65,126.08,294.6,28.2,118.58,-300.15,-270.0,-246.11,287.7,20.85,247.08,-369.6,-101.55,-252.41,-327.0,-127.05,-247.57,340.35,-81.9,122.45,-338.7,-168.15,-176.66,350.4,-23.1,200.62
355.8,-29.1,146.17,-372.9,-131.55,-273.22,300.0,-16.95,148.83,-415.2,-103.2,-272.73,-353.85,-215.25,-245.63,308.55,10.5,198.68,-333.75,-136.8,-218.04,351.45,9.75,124.87,294.75,27.3,118.34,-298.8,-272.4,-247.32,286.95,19.05,246.6,-369.0,-102.75,-253.86,-325.35,-126.75,-248.29,340.5,-81.9,122.69,-339.45,-167.55,-176.66,350.25,-23.7,198.44
356.4,-28.8,147.38,-373.65,-132.15,-272.25,299.85,-17.25,150.28,-414.15,-103.05,-274.91,-353.55,-215.55,-245.15,308.7,10.8,199.41,-332.55,-136.05,-217.07,351.3,9.75,125.36,294.9,27.0,116.89,-299.25,-271.35,-246.6,287.55,19.35,247.81,-370.05,-103.2,-252.41,-326.55,-126.0,-247.81,340.5,-81.3,122.45,-338.55,-167.25,-176.42,349.8,-23.55,199.41
355.5,-27.75,147.14,-373.35,-131.55,-272.98,299.7,-18.0,149.56,-414.0,-103.5,-275.15,-354.3,-214.95,-246.36,308.1,10.2,201.34,-332.1,-136.05,-219.01,349.8,9.0,125.36,295.05,26.55,117.61,-300.3,-271.05,-245.15,287.4,19.2,247.08,-369.0,-102.15,-253.13,-327.3,-126.45,-247.81,340.5,-81.6,121.24,-338.55,-166.2,-176.9,350.1,-23.4,200.13
356.1,-28.05,147.38,-372.9,-131.7,-274.91,299.4,-18.6,149.31,-415.35,-103.65,-274.43,-353.85,-216.75,-244.66,307.95,11.25,199.65,-332.7,-136.65,-218.53,350.7,9.9,127.29,294.45,25.8,118.82,-299.25,-271.05,-247.32,287.25,19.95,247.08,-367.95,-102.0,-253.13,-326.7,-127.35,-248.78,341.25,-82.35,122.45,-338.7,-167.25,-175.21,349.2,-24.9,199.17
355.95,-27.9,147.14,-373.05,-132.45,-272.01,301.05,-17.4,149.07,-414.45,-105.0,-273.22,-353.4,-215.85,-245.63,309.3,10.8,200.62,-333.6,-135.3,-217.07,350.7,9.15,126.32,295.8,25.8,117.85,-298.8,-270.75,-245.63,286.5,20.1,248.29,-369.15,-102.3,-252.16,-327.15,-127.35,-248.05,339.9,-82.8,122.94,-337.35,-167.1,-176.42,349.35,-23.55,198.68
355.5,-27.9,145.2,-372.9,-132.0,-273.46,300.75,-17.4,150.04,-415.2,-103.8,-274.19,-353.7,-215.25,-244.42,308.4,9.75,199.17,-332.25,-135.75,-218.04,350.85,10.05,125.11,295.2,26.85,116.64,-300.3,-271.8,-245.87,287.1,20.55,246.11,-369.3,-102.75,-252.41,-327.15,-126.45,-247.57,339.75,-82.5,121.24,-339.3,-167.7,-177.63,349.8,-23.55,198.92
356.55,-28.35,147.14,-372.3,-131.1,-270.31,301.2,-17.55,150.28,-414.6,-103.5,-274.43,-352.8,-215.4,-245.63,308.55,10.2,200.62,-333.0,-136.5,-216.83,351.0,8.85,126.32,294.75,27.3,118.58,-298.95,-270.45,-247.08,286.05,20.4,246.6,-367.8,-103.35,-251.68,-326.25,-126.0,-249.02,340.5,-82.35,122.21,-339.3,-167.25,-176.66,350.1,-22.8,198.68
355.8,-28.8,145.93,-373.8,-131.7,-272.25,300.15,-18.0,149.8,-414.9,-103.8,-275.15,-353.4,-216.0,-245.87,308.25,10.95,199.41,-332.25,-136.5,-217.56,350.85,9.6,125.36,295.65,26.7,118.34,-299.7,-271.65,-245.39,286.8,20.25,247.08,-368.55,-102.9,-253.13,-326.1,-126.75,-247.81,339.9,-82.8,123.18,-337.95,-166.95,-175.21,350.25,-24.15,199.65
356.85,-28.8,147.38,-372.75,-131.25,-273.94,300.15,-16.8,151.73,-414.75,-104.55,-274.19,-353.55,-215.55,-245.15,308.55,10.2,198.68,-332.25,-137.4,-217.07,351.3,9.15,125.11,295.2,25.8,119.06,-299.25,-270.0,-245.87,288.6,18.9,248.29,-368.4,-101.7,-252.16,-327.3,-126.75,-248.29,340.2,-82.2,120.76,-338.25,-168.0,-177.14,349.8,-24.15,198.92
355.65,-28.65,146.17,-373.35,-132.0,-272.73,299.4,-17.4,150.77,-414.6,-104.4,-274.67,-355.2,-216.15,-244.9,308.85,10.2,200.62,-333.0,-136.5,-218.04,350.55,10.8,125.36,295.8,26.85,118.1,-299.55,-271.05,-247.32,287.85,19.35,246.6,-369.0,-103.8,-254.83,-327.0,-127.2,-248.53,339.9,-82.95,120.52,-337.35,-167.25,-175.69,350.1,-23.25,198.68
355.2,-27.15,145.93,-371.7,-132.0,-273.22,299.85,-17.7,150.04,-414.0,-104.4,-274.43,-354.0,-215.4,-244.9,308.85,10.5,199.89,-332.7,-137.1,-217.32,349.8,10.2,125.11,294.9,27.15,117.37,-299.85,-271.35,-246.84,288.45,20.1,248.78,-369.45,-102.3,-254.1,-326.7,-127.2,-248.78,340.5,-82.05,121.0,-338.85,-166.8,-177.87,350.4,-22.95,198.2
356.1,-28.95,147.14,-373.35,-132.45,-271.77,299.55,-17.55,150.77,-415.35,-104.55,-273.94,-353.55,-215.85,-244.18,308.85,12.45,198.2,-332.55,-136.95,-218.04,349.5,9.45,125.11,295.65,27.15,117.85,-299.1,-270.75,-245.63,286.8,19.5,248.05,-368.7,-103.35,-252.89,-326.4,-126.45,-247.08,339.45,-82.8,121.24,-339.15,-167.55,-175.45,350.25,-23.85,197.71
356.4,-27.45,146.65,-372.6,-131.4,-272.98,300.9,-17.85,150.77,-414.3,-104.55,-274.19,-353.7,-216.6,-244.42,308.7,10.05,200.13,-332.25,-136.5,-218.28,351.15,10.2,126.32,295.2,26.7,117.85,-300.15,-271.65,-245.15,287.4,18.15,248.05,-367.95,-102.45,-251.68,-326.55,-127.05,-246.11,339.75,-83.4,121.73,-338.1,-168.6,-176.18,349.2,-23.25,198.68
355.5,-28.35,145.93,-372.0,-131.55,-272.01,300.6,-18.6,149.8,-414.6,-104.7,-274.19,-353.7,-215.4,-244.66,307.65,10.95,198.92,-332.7,-137.1,-217.32,349.95,10.05,124.15,295.8,27.3,118.1,-299.7,-270.6,-248.05,287.4,18.6,247.57,-368.7,-102.3,-252.65,-327.0,-127.5,-248.78,340.05,-82.65,122.69,-337.8,-166.95,-177.63,349.5,-22.2,199.17
355.5,-28.5,147.86,-373.2,-132.15,-270.56,301.35,-17.85,150.04,-415.05,-104.55,-275.4,-352.65,-216.45,-244.9,307.65,10.65,200.62,-333.3,-136.5,-217.07,351.15,9.15,124.15,294.9,27.15,118.58,-299.7,-270.9,-246.36,287.55,18.9,246.84,-368.7,-103.05,-252.89,-326.1,-126.6,-246.84,339.75,-82.2,123.42,-336.75,-166.8,-176.18,350.1,-23.55,199.17
355.35,-28.2,147.62,-373.2,-130.8,-274.67,299.7,-16.8,149.07,-414.9,-104.85,-273.22,-353.4,-214.95,-244.42,309.45,11.4,198.68,-333.3,-136.8,-217.56,351.0,9.3,125.84,295.2,26.7,117.85,-299.25,-270.45,-245.87,288.15,18.9,248.78,-369.6,-102.0,-252.65,-327.0,-126.75,-246.36,339.75,-83.7,121.97,-337.05,-167.85,-178.35,351.3,-23.85,198.2
356.4,-28.65,147.14,-373.05,-130.95,-271.52,300.3,-17.4,150.04,-415.05,-104.4,-274.19,-353.7,-216.15,-246.36,308.85,10.35,199.41,-332.85,-137.7,-217.32,350.85,9.15,125.36,295.65,26.25,116.4,-299.55,-270.0,-245.63,287.4,19.65,247.08,-368.25,-102.9,-252.41,-326.4,-127.05,-248.05,340.5,-82.5,122.45,-338.55,-167.1,-174.24,349.8,-23.85,198.44
356.7,-28.2,147.14,-373.35,-132.15,-272.25,299.85,-17.7,150.04,-414.75,-105.75,-275.4,-354.6,-215.85,-243.94,308.55,10.35,199.17,-333.3,-136.5,-218.53,350.55,9.0,125.84,294.45,26.1,118.34,-299.7,-271.8,-245.39,286.95,19.95,247.32,-368.25,-102.45,-252.65,-327.0,-127.8,-248.53,340.35,-82.8,121.48,-337.95,-167.7,-176.9,350.25,-22.8,199.41
356.4,-27.3,146.17,-373.2,-131.7,-272.98,299.85,-17.85,149.8,-415.35,-104.85,-273.94,-353.55,-215.1,-245.63,308.55,11.1,199.17,-332.1,-136.8,-216.83,351.45,9.0,124.87,295.35,26.25,118.34,-299.25,-271.35,-245.63,288.0,19.2,247.81,-370.05,-102.45,-253.13,-326.7,-126.45,-248.53,340.2,-81.9,123.42,-337.65,-168.3,-177.14,350.4,-24.15,197.96
356.85,-28.05,148.35,-373.05,-132.45,-270.8,300.75,-17.55,150.52,-414.45,-103.5,-274.91,-353.85,-216.15,-245.63,307.8,10.8,200.86,-332.7,-137.4,-217.07,350.7,9.6,126.32,294.6,27.15,118.34,-299.4,-270.6,-246.11,287.25,19.35,248.05,-368.55,-103.05,-251.68,-327.15,-126.45,-249.02,340.8,-83.25,121.73,-337.95,-167.4,-176.18,350.1,-23.55,198.44
356.7,-27.9,146.65,-373.5,-130.5,-272.25,300.75,-17.7,148.59,-415.35,-105.45,-272.49,-354.0,-215.55,-245.63,307.8,9.6,199.89,-332.25,-137.25,-216.83,352.05,10.35,125.6,294.0,26.4,118.34,-300.0,-271.05,-246.6,287.25,18.15,247.32,-369.6,-102.3,-251.44,-326.7,-125.25,-247.81,339.6,-81.75,122.45,-338.1,-167.7,-175.21,350.85,-24.0,199.17
356.1,-28.05,147.62,-373.35,-131.7,-272.73,300.6,-17.7,150.52,-414.45,-103.8,-276.12,-353.55,-216.15,-245.87,309.15,9.45,199.89,-332.25,-135.9,-217.07,351.0,9.9,126.32,294.6,26.4,117.37,-299.55,-270.75,-247.57,287.1,19.35,248.53,-367.95,-102.9,-252.65,-326.7,-127.95,-246.36,340.35,-82.05,121.97,-336.75,-167.4,-175.45,349.65,-23.4,199.41
356.25,-28.5,145.68,-372.75,-131.7,-273.22,300.3,-17.4,149.07,-414.45,-103.65,-274.91,-354.45,-215.7,-245.87,308.7,10.2,199.89,-331.65,-136.65,-217.56,350.1,9.75,127.78,294.6,27.15,118.58,-299.85,-270.45,-247.57,286.35,19.35,247.32,-368.4,-102.6,-252.89,-327.15,-127.35,-248.78,340.05,-82.5,122.45,-338.7,-167.55,-174.97,350.1,-22.95,198.68
356.55,-28.2,145.2,-373.2,-130.95,-272.49,301.5,-17.7,148.83,-414.15,-103.8,-274.67,-354.0,-216.0,-244.66,308.4,10.65,199.65,-333.15,-136.5,-217.56,349.35,9.45,124.87,295.8,27.6,116.89,-298.8,-270.75,-246.36,287.7,19.65,246.84,-369.0,-102.0,-251.68,-325.95,-127.5,-249.02,340.8,-83.4,121.97,-338.1,-168.3,-178.6,350.1,-23.55,198.44
356.1,-28.5,146.17,-372.15,-131.4,-272.98,300.15,-17.7,150.04,-413.85,-103.05,-272.98,-353.55,-216.15,-243.69,307.65,11.25,200.62,-332.55,-136.95,-218.53,350.1,9.45,124.15,294.3,25.65,118.34,-298.5,-270.6,-246.36,286.5,19.2,247.32,-368.25,-102.9,-251.92,-326.85,-126.3,-248.78,339.9,-81.0,120.03,-337.8,-167.7,-176.66,349.65,-23.85,198.44
355.95,-28.05,147.62,-372.75,-132.0,-271.52,300.75,-18.45,148.35,-414.75,-102.75,-273.94,-353.7,-215.4,-245.39,307.65,10.5,200.38,-334.35,-136.65,-217.8,350.55,9.9,126.08,296.25,26.85,118.82,-298.65,-271.2,-246.84,287.7,19.2,246.84,-367.8,-101.4,-254.58,-327.0,-127.65,-247.32,339.75,-81.6,121.73,-337.35,-166.8,-175.21,348.9,-23.25,199.17
356.1,-28.8,146.17,-371.85,-131.25,-272.49,301.2,-16.95,150.52,-414.75,-103.5,-272.98,-353.25,-216.45,-245.63,308.25,10.65,200.13,-332.4,-136.8,-217.56,351.45,9.3,125.36,295.2,26.1,117.85,-300.3,-271.2,-246.6,286.35,19.8,248.29,-369.75,-103.35,-252.41,-327.0,-126.3,-248.78,340.8,-81.45,121.24,-338.1,-167.1,-177.39,349.8,-22.95,199.41
356.55,-28.05,147.14,-373.2,-131.85,-272.98,301.2,-17.55,148.59,-414.9,-104.25,-274.43,-353.4,-215.1,-244.9,308.25,10.65,201.1,-333.0,-137.1,-216.83,351.15,9.75,126.81,295.2,26.25,117.85,-299.7,-271.35,-247.57,287.1,19.5,247.08,-370.35,-103.35,-251.92,-326.25,-125.85,-247.57,339.9,-82.8,122.69,-338.85,-167.4,-177.39,349.95,-23.4,198.92
356.7,-27.6,146.17,-372.45,-132.15,-272.25,300.0,-17.25,149.07,-414.75,-104.1,-274.19,-353.7,-216.0,-245.87,308.25,11.7,200.86,-333.45,-136.95,-217.32,350.4,9.6,125.36,294.9,26.25,119.31,-299.7,-271.8,-247.32,286.95,18.75,247.57,-369.15,-103.2,-254.1,-326.25,-126.15,-249.02,339.3,-82.8,120.76,-337.65,-167.4,-176.18,349.2,-23.1,199.17
356.1,-28.65,147.38,-372.9,-131.55,-274.19,301.2,-18.0,150.52,-413.7,-103.8,-272.73,-353.55,-216.3,-244.66,308.4,10.35,199.41,-331.95,-136.35,-217.07,350.7,10.65,126.32,294.0,26.85,118.1,-298.8,-271.5,-247.81,286.95,19.05,247.81,-368.25,-102.6,-251.44,-325.8,-125.7,-247.57,339.75,-81.6,121.97,-337.8,-167.25,-175.21,349.5,-23.25,199.17
355.65,-28.2,145.93,-373.05,-131.7,-273.22,300.75,-17.25,148.83,-414.0,-104.25,-274.19,-353.25,-216.45,-246.36,308.4,10.8,201.34,-333.0,-136.65,-217.8,351.75,9.3,126.08,294.15,26.85,119.06,-299.4,-270.6,-247.32,287.7,19.05,247.81,-368.7,-101.55,-253.86,-326.85,-126.6,-246.36,339.9,-82.8,122.21,-337.8,-166.5,-176.9,350.85,-23.55,198.44
355.8,-27.75,145.68,-372.3,-131.85,-272.01,300.6,-18.0,150.28,-414.45,-103.65,-273.46,-353.4,-215.1,-244.66,309.0,11.85,199.89,-333.6,-136.35,-218.28,351.6,10.35,124.63,295.2,27.45,117.85,-299.7,-270.15,-246.6,286.35,19.95,246.6,-369.45,-102.6,-253.13,-327.0,-126.9,-248.29,339.3,-82.2,122.69,-338.55,-167.25,-176.42,349.65,-22.8,198.68
356.55,-28.5,145.93,-372.45,-130.2,-272.73,301.5,-18.45,151.01,-414.6,-103.8,-274.43,-354.0,-215.7,-244.18,309.0,9.75,200.13,-332.1,-136.5,-215.14,351.15,10.2,127.53,294.3,27.0,116.89,-297.6,-271.5,-244.9,286.35,19.5,246.84,-369.15,-102.45,-252.65,-326.55,-126.0,-246.84,340.05,-82.2,122.21,-337.8,-167.25,-175.69,349.35,-23.55,199.65
356.55,-27.9,145.44,-372.45,-132.15,-272.25,299.85,-15.9,149.8,-414.45,-104.25,-274.67,-354.15,-215.4,-245.39,308.1,11.1,200.13,-333.15,-136.8,-217.8,350.4,10.05,126.32,295.35,26.25,118.34,-299.1,-271.8,-246.6,287.25,19.5,248.29,-369.75,-101.4,-253.37,-327.3,-127.2,-248.05,340.65,-81.9,122.69,-337.8,-167.25,-175.93,350.4,-23.7,198.68
357.45,-28.05,145.93,-373.65,-131.55,-272.98,300.45,-17.7,149.8,-413.7,-103.95,-272.73,-353.55,-215.55,-245.15,308.4,10.05,198.68,-331.95,-136.2,-219.01,352.2,10.2,123.9,294.15,27.45,117.61,-299.25,-270.75,-247.57,286.8,19.2,247.32,-370.2,-102.3,-253.37,-326.7,-127.05,-247.81,340.65,-82.05,122.45,-337.95,-167.25,-175.45,350.1,-23.25,199.17
356.4,-26.7,145.68,-373.35,-132.0,-273.46,300.45,-18.0,147.38,-414.75,-105.15,-273.22,-354.45,-214.95,-245.15,307.8,10.5,199.89,-333.0,-136.95,-219.01,350.85,10.05,125.6,294.75,26.85,117.61,-300.0,-271.8,-246.11,286.95,19.05,248.05,-368.4,-101.85,-252.65,-327.0,-125.4,-248.53,339.15,-81.9,121.48,-339.3,-167.1,-177.14,350.55,-22.95,199.41
355.95,-29.1,147.62,-373.05,-131.4,-272.49,299.7,-17.85,148.1,-415.35,-103.95,-275.15,-353.7,-216.75,-245.15,308.25,10.95,199.89,-332.4,-136.5,-217.56,349.5,10.2,125.36,295.2,25.65,118.34,-298.95,-271.5,-246.6,286.5,19.5,246.84,-368.7,-102.75,-251.92,-325.95,-126.3,-245.87,340.5,-81.75,121.73,-338.85,-167.85,-175.69,349.8,-22.95,199.65
355.8,-28.05,146.41,-373.05,-131.4,-272.25,300.9,-17.55,150.52,-415.35,-104.7,-274.67,-353.7,-215.25,-244.18,308.55,10.95,199.17,-333.15,-136.5,-215.86,350.25,10.65,126.57,294.75,26.4,116.16,-299.4,-271.5,-247.32,287.25,19.95,248.29,-369.3,-103.35,-252.16,-325.95,-126.3,-247.81,340.8,-80.85,121.73,-337.35,-167.7,-176.66,349.35,-23.25,199.41
356.25,-28.35,147.14,-373.65,-131.4,-272.98,300.15,-18.0,150.52,-414.15,-104.25,-274.43,-353.85,-214.8,-243.94,309.15,10.8,200.38,-332.7,-136.35,-217.32,351.15,10.2,126.32,295.2,27.3,117.13,-299.4,-271.2,-245.63,287.4,20.25,249.74,-369.75,-101.25,-252.41,-327.3,-127.5,-248.53,340.65,-82.35,121.48,-338.1,-166.65,-175.93,350.1,-22.95,199.41
355.65,-27.6,145.68,-373.05,-132.0,-271.04,299.1,-18.45,149.8,-415.2,-104.7,-272.98,-353.1,-216.75,-245.87,309.15,11.1,201.34,-333.0,-136.65,-216.83,350.85,9.9,126.57,295.8,26.1,118.58,-299.7,-271.2,-247.81,288.0,19.65,246.84,-368.1,-101.7,-254.34,-327.15,-126.75,-247.32,339.75,-82.8,121.48,-337.35,-168.15,-177.14,349.95,-23.1,200.13
