360.3,-24.9,152.22,-378.6,-127.8,-283.38,294.6,-7.8,139.15,-414.15,-96.75,-272.49,-349.95,-212.55,-242.73,309.3,14.55,202.07,-333.3,-133.65,-216.83,349.8,12.15,125.6,297.45,28.05,119.06,-297.6,-269.55,-244.42,287.85,21.45,247.57,-369.9,-101.7,-253.62,-325.05,-126.3,-247.57,340.35,-80.1,121.73,-338.55,-166.5,-175.93,349.2,-21.75,198.68
360.15,-24.3,154.15,-377.85,-127.95,-283.62,294.45,-7.5,138.67,-413.7,-96.6,-270.31,-350.55,-212.4,-241.03,308.55,13.95,201.83,-332.85,-132.9,-216.83,349.5,13.35,123.66,296.55,28.2,118.58,-298.8,-269.25,-246.6,287.7,21.0,249.99,-369.45,-101.25,-254.83,-325.65,-127.05,-246.36,340.8,-81.3,122.69,-337.65,-164.25,-175.45,350.4,-22.8,199.41
359.4,-24.9,152.94,-377.1,-127.95,-284.11,294.3,-6.9,139.39,-412.8,-96.3,-272.01,-351.6,-212.4,-241.27,308.85,13.8,200.38,-333.9,-133.35,-216.59,348.9,12.75,125.11,297.0,28.05,117.61,-298.5,-268.2,-247.32,287.55,21.9,248.78,-369.0,-99.9,-254.34,-324.9,-125.85,-245.63,341.4,-81.3,121.48,-336.9,-165.45,-174.48,350.4,-22.05,198.2
359.25,-23.7,151.25,-378.0,-128.55,-281.93,293.85,-8.4,140.84,-413.4,-96.0,-271.52,-349.95,-212.55,-241.76,309.45,13.35,201.1,-331.95,-133.05,-216.83,349.2,12.0,127.53,296.7,28.35,117.85,-297.45,-269.7,-244.66,287.1,21.9,247.32,-368.7,-101.55,-255.07,-325.35,-125.7,-247.32,340.8,-81.6,121.48,-339.0,-166.2,-175.45,349.95,-21.45,199.41
359.55,-24.45,153.19,-378.45,-129.6,-284.11,294.45,-8.55,139.15,-415.5,-96.15,-272.49,-350.1,-212.1,-240.06,309.9,14.85,200.86,-333.9,-134.25,-215.86,348.15,13.2,125.11,296.4,27.3,119.06,-299.1,-268.35,-245.63,287.55,21.0,247.08,-370.05,-99.3,-253.62,-325.2,-124.95,-245.63,341.1,-80.85,123.66,-337.65,-166.05,-176.66,348.6,-22.2,198.44
359.4,-24.45,153.67,-378.6,-127.8,-282.17,295.2,-7.8,139.15,-414.0,-96.75,-271.77,-351.15,-212.55,-242.24,309.6,14.25,201.83,-334.35,-132.9,-217.32,347.85,13.5,125.6,296.25,28.5,118.82,-298.95,-269.55,-243.45,287.55,21.75,248.78,-371.4,-100.65,-254.34,-324.45,-124.65,-247.32,339.9,-81.6,121.0,-338.25,-166.2,-176.9,348.9,-22.5,197.23
359.1,-25.05,152.22,-378.6,-128.7,-281.93,294.0,-8.1,137.94,-412.95,-96.3,-272.49,-351.0,-211.95,-242.0,309.15,13.95,201.34,-333.6,-132.15,-216.35,350.1,11.55,125.6,295.95,28.65,118.34,-298.2,-268.8,-245.63,286.8,21.15,247.08,-369.45,-100.35,-254.1,-324.9,-126.0,-247.32,340.95,-80.4,123.42,-338.1,-166.05,-176.42,349.8,-22.2,197.96
360.0,-25.2,152.7,-379.05,-127.95,-283.38,295.35,-7.8,139.88,-413.4,-96.0,-271.04,-351.75,-212.85,-241.52,308.85,14.7,201.59,-334.5,-133.2,-215.62,348.6,12.75,125.6,296.85,27.9,119.55,-298.8,-268.5,-245.63,287.1,23.55,247.57,-369.75,-100.5,-253.13,-325.2,-124.65,-245.63,341.55,-80.7,122.45,-338.4,-166.8,-177.14,349.8,-22.05,198.2
358.95,-24.75,155.12,-378.0,-128.7,-281.69,293.7,-8.25,140.36,-412.65,-95.7,-272.49,-350.7,-213.3,-241.52,309.75,13.95,201.83,-332.55,-133.5,-217.8,349.2,13.35,125.11,296.4,28.8,119.79,-298.35,-269.55,-243.21,286.65,21.9,246.6,-370.2,-99.45,-252.65,-325.2,-125.25,-248.29,340.5,-79.8,122.21,-337.8,-165.45,-176.18,349.05,-21.6,198.92
359.85,-24.9,153.67,-378.9,-129.0,-283.38,294.6,-8.4,140.12,-413.7,-96.3,-271.04,-349.95,-213.0,-242.0,309.0,15.15,200.86,-332.85,-133.05,-215.38,348.9,12.3,122.94,297.0,27.6,119.55,-299.4,-267.9,-243.69,288.6,22.65,248.05,-369.9,-100.65,-254.34,-325.35,-124.95,-245.63,340.8,-81.15,120.03,-336.9,-166.8,-175.21,348.9,-21.45,199.17
359.1,-24.45,153.91,-377.7,-128.4,-282.17,294.45,-7.95,140.84,-414.0,-96.45,-271.28,-350.7,-213.45,-242.0,309.75,13.95,200.38,-333.0,-132.9,-217.07,348.3,13.35,124.87,296.4,28.8,118.1,-298.95,-269.55,-246.36,287.55,21.45,248.05,-370.35,-100.2,-252.16,-325.2,-125.55,-246.36,340.2,-81.15,123.66,-338.55,-166.65,-174.72,349.65,-22.05,199.41
359.7,-25.05,152.46,-378.15,-129.3,-282.17,294.45,-7.5,141.57,-413.85,-95.85,-270.8,-350.55,-213.15,-240.79,309.3,12.9,201.1,-331.5,-132.75,-217.56,349.5,13.35,123.66,296.55,27.75,119.31,-298.35,-267.15,-247.08,286.8,21.6,246.6,-370.65,-100.95,-253.62,-325.8,-125.4,-246.36,340.95,-81.9,123.18,-339.45,-166.5,-175.69,348.75,-22.2,199.41
359.25,-24.75,151.98,-378.9,-129.0,-283.38,295.05,-8.7,142.05,-414.15,-96.0,-270.56,-350.55,-214.05,-243.21,308.85,13.65,200.62,-333.3,-133.65,-216.83,349.5,11.85,124.39,298.2,29.1,117.85,-297.75,-268.65,-246.36,287.25,21.9,247.08,-369.6,-100.5,-251.92,-325.2,-125.55,-247.08,341.25,-80.7,122.69,-338.1,-166.2,-176.18,349.5,-21.9,197.96
358.8,-24.6,151.73,-378.45,-128.55,-283.14,294.0,-7.05,138.91,-414.15,-95.7,-272.25,-351.0,-212.85,-240.55,310.05,14.1,200.86,-333.15,-133.5,-217.07,348.6,11.4,125.36,296.55,27.9,119.06,-298.05,-269.1,-245.87,287.4,21.9,248.29,-369.15,-100.65,-253.62,-325.05,-126.3,-247.32,340.95,-80.25,121.73,-338.4,-166.05,-175.45,349.65,-21.75,199.65
361.2,-25.95,153.67,-378.3,-128.25,-281.93,293.4,-7.5,138.91,-412.95,-97.2,-272.01,-351.45,-211.95,-240.31,309.3,14.1,202.31,-333.3,-133.35,-215.86,350.25,13.2,124.87,297.0,28.2,119.55,-298.35,-267.45,-245.63,287.4,22.2,247.81,-370.05,-101.25,-253.13,-325.35,-126.15,-246.84,340.65,-81.0,121.97,-337.2,-166.8,-176.66,350.55,-21.3,198.44
359.25,-25.2,152.46,-379.2,-129.15,-282.9,294.75,-7.35,140.12,-413.85,-96.0,-271.77,-351.15,-213.15,-240.55,309.75,14.1,202.07,-331.95,-133.65,-217.07,348.9,12.6,123.66,297.3,27.3,120.03,-298.35,-268.2,-244.18,286.65,22.5,247.32,-370.2,-100.5,-252.65,-324.15,-125.55,-246.36,340.5,-81.45,122.69,-337.65,-166.05,-176.66,349.05,-22.5,198.2
360.15,-25.2,152.94,-378.6,-128.25,-283.87,293.85,-8.25,140.12,-414.0,-95.4,-271.04,-351.0,-212.4,-242.0,309.6,13.5,201.34,-333.15,-131.4,-217.56,349.5,12.75,125.36,296.4,27.9,118.34,-299.25,-269.25,-245.39,286.95,21.75,249.02,-370.8,-100.8,-252.89,-325.35,-124.95,-247.57,340.65,-80.4,122.21,-337.95,-165.45,-175.69,349.35,-21.6,200.38
361.05,-23.85,152.7,-378.3,-128.7,-281.93,295.35,-7.2,138.91,-414.0,-95.85,-271.28,-351.15,-213.0,-241.27,309.6,13.35,201.59,-334.05,-132.9,-217.07,348.6,13.05,125.6,296.7,28.35,120.52,-298.65,-268.95,-245.15,287.7,22.2,249.02,-369.45,-100.05,-254.58,-325.2,-124.65,-246.6,340.95,-80.55,123.18,-339.0,-165.15,-177.14,349.65,-22.2,199.65
359.25,-25.2,152.94,-379.2,-128.1,-281.93,294.0,-8.4,139.15,-414.45,-96.45,-271.52,-350.4,-211.8,-241.76,308.85,13.35,201.1,-332.85,-133.65,-217.56,349.65,12.9,124.63,296.1,27.9,120.76,-298.05,-268.95,-246.11,287.1,22.65,249.02,-369.75,-100.35,-254.34,-325.65,-126.15,-247.81,341.55,-81.0,123.18,-339.0,-165.45,-175.69,350.25,-22.65,199.17
360.6,-25.65,151.73,-378.3,-128.85,-283.62,294.6,-7.2,140.84,-413.7,-96.75,-271.04,-350.4,-213.0,-243.69,309.6,13.5,200.38,-333.3,-131.55,-218.28,349.95,13.2,123.9,297.0,27.0,118.82,-297.9,-268.05,-246.36,287.25,22.5,248.05,-368.85,-100.35,-254.1,-325.65,-125.85,-245.87,340.2,-80.7,122.69,-338.85,-165.15,-175.93,349.5,-21.9,197.96
359.85,-23.85,152.7,-377.55,-128.7,-284.35,293.7,-8.1,140.36,-414.45,-97.2,-271.52,-351.3,-212.4,-242.24,308.4,13.35,200.86,-333.0,-132.75,-218.28,350.4,12.6,124.39,295.8,29.7,119.55,-298.05,-268.35,-244.18,286.05,22.2,247.81,-369.0,-101.55,-253.37,-325.8,-124.8,-246.11,339.9,-80.85,123.18,-338.85,-165.45,-178.11,348.3,-22.35,197.96
359.25,-24.9,153.19,-379.2,-128.4,-283.38,294.0,-8.1,140.36,-412.8,-96.6,-271.52,-351.0,-213.45,-242.0,309.9,14.85,202.07,-333.3,-132.45,-215.38,349.2,12.45,125.84,297.0,28.95,119.31,-298.65,-267.0,-245.39,287.1,22.2,245.39,-370.2,-100.35,-253.62,-325.35,-125.7,-247.32,340.2,-81.0,121.97,-337.5,-165.75,-176.66,349.95,-21.9,199.89
360.3,-24.6,153.67,-377.55,-128.7,-284.35,294.75,-6.75,139.15,-413.7,-96.15,-271.52,-351.45,-212.7,-241.52,310.2,14.1,202.07,-333.3,-133.5,-217.07,348.3,13.05,125.36,296.55,27.75,118.58,-298.35,-269.1,-244.9,287.55,22.35,248.78,-369.15,-99.9,-252.89,-325.8,-125.85,-248.05,341.4,-81.0,122.69,-338.7,-165.3,-176.66,349.5,-22.65,198.92
358.95,-24.0,154.4,-378.0,-128.55,-283.87,294.75,-6.45,139.15,-413.7,-96.0,-272.49,-350.55,-212.85,-240.06,310.35,14.7,201.59,-333.0,-133.65,-215.86,348.15,12.15,123.18,296.1,27.6,118.34,-298.8,-268.65,-246.36,286.8,22.35,249.02,-369.0,-101.4,-252.65,-326.25,-125.25,-247.08,339.9,-80.85,121.97,-338.55,-166.35,-174.97,348.45,-21.45,197.71
358.95,-25.65,153.43,-377.85,-128.55,-282.41,294.0,-7.95,140.36,-413.7,-97.05,-270.56,-349.95,-213.3,-242.48,309.6,13.8,201.34,-333.6,-133.95,-217.07,348.9,12.3,123.66,296.25,27.9,120.76,-298.35,-269.25,-245.87,287.55,21.75,248.78,-369.9,-100.35,-255.07,-326.25,-125.4,-246.84,341.4,-81.6,123.9,-337.35,-164.85,-174.97,349.95,-22.95,198.92
360.45,-24.0,151.98,-378.75,-129.15,-283.14,295.5,-7.2,139.63,-414.15,-96.15,-271.04,-350.7,-212.85,-241.27,308.55,13.2,202.07,-332.1,-133.05,-216.59,350.1,13.2,124.87,296.55,27.9,119.55,-299.4,-268.65,-245.15,287.7,21.0,247.57,-370.2,-100.8,-254.1,-325.95,-126.3,-247.32,341.55,-81.3,122.45,-336.9,-165.45,-175.93,349.2,-22.35,197.96
360.45,-24.75,153.19,-378.6,-127.8,-283.14,294.6,-8.85,139.88,-413.55,-96.15,-272.01,-350.4,-212.85,-242.24,309.75,13.8,201.1,-332.55,-133.95,-215.62,349.2,12.15,127.05,297.0,28.05,118.34,-300.15,-268.5,-245.39,287.4,22.35,248.78,-370.35,-100.05,-253.37,-326.85,-125.85,-246.11,340.95,-81.45,122.21,-337.95,-165.15,-173.27,349.5,-21.3,199.89
359.4,-23.25,152.94,-378.9,-127.8,-282.41,294.6,-7.5,139.63,-413.1,-95.4,-272.49,-351.3,-212.7,-242.24,309.6,13.65,203.04,-333.15,-133.8,-216.83,349.2,12.3,125.36,295.8,28.8,117.85,-300.0,-268.5,-246.11,287.1,21.9,247.81,-369.3,-99.9,-253.13,-325.95,-126.75,-247.57,340.95,-79.8,120.76,-338.4,-165.3,-174.72,349.2,-22.2,199.65
361.05,-25.05,152.7,-378.75,-127.95,-282.66,295.05,-6.45,140.36,-413.25,-95.85,-271.77,-350.85,-213.15,-240.06,310.05,14.1,200.62,-332.7,-132.75,-218.04,349.8,12.0,124.63,297.15,28.2,118.58,-298.5,-269.1,-246.11,287.25,21.75,247.32,-370.05,-100.5,-253.62,-325.8,-126.6,-246.84,341.55,-81.75,121.0,-339.15,-166.5,-175.93,349.2,-21.45,199.17
360.15,-25.2,152.94,-378.6,-128.4,-282.66,293.7,-7.5,139.63,-413.85,-95.85,-271.52,-351.3,-214.5,-242.0,310.65,14.7,199.89,-333.3,-133.2,-216.11,349.05,12.75,125.11,297.15,28.65,118.58,-298.5,-269.25,-246.84,286.5,21.75,248.05,-371.1,-101.25,-254.1,-326.1,-125.7,-245.63,340.8,-80.55,121.97,-338.85,-166.35,-175.45,350.7,-22.8,198.2
359.7,-24.0,152.7,-378.75,-128.7,-282.17,294.75,-5.85,140.12,-413.1,-96.9,-271.77,-351.3,-212.85,-241.76,308.55,13.65,202.31,-333.15,-132.9,-218.77,348.45,11.7,124.63,296.7,28.2,119.06,-298.5,-267.9,-245.15,287.55,22.2,249.5,-369.45,-101.1,-255.07,-325.5,-126.0,-247.81,340.5,-81.3,122.21,-338.4,-166.5,-175.21,348.9,-22.05,198.68
359.25,-24.15,151.25,-378.75,-128.55,-284.35,294.6,-8.1,139.15,-414.45,-95.1,-272.73,-350.85,-213.6,-242.0,309.3,13.2,202.07,-332.55,-133.5,-217.8,349.2,13.8,124.63,295.95,27.45,117.61,-297.6,-269.55,-246.36,287.7,21.75,249.26,-369.75,-100.95,-252.41,-325.5,-125.4,-247.81,340.8,-81.6,122.69,-338.4,-166.2,-174.48,349.95,-22.2,198.68
359.1,-25.05,152.7,-377.85,-129.45,-283.87,293.55,-7.8,140.6,-414.15,-96.3,-271.04,-349.8,-212.1,-241.27,309.15,13.65,200.13,-333.15,-133.8,-216.11,347.85,13.8,125.11,296.7,27.45,117.85,-298.35,-269.25,-245.15,287.1,21.9,248.53,-370.35,-100.05,-253.62,-325.95,-124.8,-246.11,340.8,-80.4,121.97,-338.1,-165.6,-177.39,349.2,-21.15,201.1
359.1,-25.5,152.7,-378.6,-127.95,-282.66,295.05,-7.05,140.6,-413.25,-95.55,-271.04,-350.1,-213.0,-242.0,309.3,13.65,201.83,-332.1,-133.05,-216.83,349.05,11.55,122.94,296.4,27.9,121.24,-298.95,-269.4,-243.94,287.4,22.2,249.26,-369.45,-100.95,-253.37,-325.2,-125.7,-245.39,340.35,-80.4,123.42,-338.4,-165.15,-176.18,349.35,-22.2,199.41
359.7,-24.6,151.49,-379.2,-129.0,-284.35,294.75,-8.55,140.6,-413.7,-96.15,-271.04,-350.1,-213.6,-240.55,309.0,14.7,202.31,-332.7,-132.0,-215.62,348.75,13.35,124.63,296.7,28.95,118.34,-298.95,-270.0,-245.63,287.1,22.8,248.05,-369.3,-100.95,-252.65,-325.5,-125.85,-247.57,340.8,-80.7,122.45,-337.65,-166.05,-176.42,349.35,-21.3,198.92
359.1,-24.75,150.77,-378.6,-129.3,-280.48,294.3,-8.55,140.36,-414.15,-95.25,-271.28,-350.55,-213.0,-240.31,309.45,13.8,200.13,-332.85,-133.35,-217.8,349.8,13.65,126.08,295.8,27.3,119.31,-299.4,-268.65,-246.11,286.5,21.45,247.57,-369.0,-100.5,-253.13,-326.1,-125.85,-246.11,340.2,-80.4,121.0,-338.1,-166.05,-176.18,349.35,-22.35,200.62
359.85,-24.45,152.94,-379.05,-129.0,-284.11,295.35,-6.9,138.91,-413.85,-96.15,-271.77,-351.15,-212.55,-241.27,309.6,14.1,201.59,-333.0,-133.95,-216.11,349.5,12.0,125.36,296.55,27.75,120.76,-298.05,-268.65,-245.15,287.25,22.2,249.26,-369.6,-100.5,-253.86,-325.2,-125.1,-245.63,342.0,-80.55,123.18,-337.95,-164.55,-175.93,349.2,-22.5,199.89
359.4,-24.45,152.22,-378.3,-127.95,-283.14,295.05,-7.5,139.15,-412.65,-96.75,-271.52,-349.65,-214.05,-240.55,309.45,13.65,202.55,-332.85,-133.5,-217.56,349.2,12.45,125.36,297.9,26.85,119.06,-300.15,-269.4,-246.11,286.95,22.05,248.05,-369.3,-100.35,-252.89,-324.9,-125.7,-247.81,340.35,-80.85,122.21,-337.8,-164.7,-176.18,348.9,-21.75,198.2
359.25,-24.3,153.19,-377.55,-129.3,-282.41,295.2,-7.05,139.88,-413.7,-96.15,-270.8,-350.85,-213.45,-242.0,309.9,13.65,201.34,-331.65,-132.15,-216.83,349.65,12.15,126.32,297.9,27.6,118.82,-297.9,-268.95,-245.63,288.15,22.35,249.02,-369.3,-100.65,-254.83,-325.05,-126.0,-246.36,340.65,-81.3,122.69,-338.55,-166.8,-176.66,348.9,-22.35,197.23
360.3,-24.0,152.22,-379.05,-128.25,-284.35,294.3,-7.35,138.91,-412.95,-95.4,-272.73,-351.0,-211.8,-241.03,309.75,13.35,201.34,-332.4,-132.75,-215.62,348.9,13.2,125.11,298.2,28.05,118.34,-298.8,-269.1,-244.66,288.0,22.05,248.05,-369.75,-100.65,-253.62,-324.75,-125.4,-247.08,341.25,-81.0,121.0,-338.25,-165.15,-174.72,350.1,-22.35,197.47
359.7,-25.2,152.7,-378.9,-129.45,-283.14,294.6,-6.9,141.57,-413.55,-96.6,-270.8,-351.15,-212.7,-242.73,309.9,14.55,198.68,-333.6,-132.75,-217.56,349.2,12.6,125.6,296.85,27.15,117.85,-299.1,-268.95,-243.94,287.4,22.5,247.57,-369.9,-100.8,-252.65,-326.25,-126.75,-244.9,340.65,-81.45,122.69,-338.85,-164.85,-177.39,349.95,-22.2,198.92
360.45,-24.6,151.98,-378.9,-128.85,-284.11,294.0,-7.65,138.91,-413.85,-96.9,-270.8,-350.55,-214.05,-241.52,309.0,13.95,202.8,-332.25,-133.5,-216.11,350.4,12.75,124.39,297.0,29.25,118.82,-298.95,-268.2,-246.11,286.5,22.5,249.74,-368.85,-100.05,-253.37,-325.2,-126.0,-246.36,340.5,-81.3,121.73,-336.9,-165.75,-175.69,349.65,-22.35,199.41
359.4,-25.8,152.46,-378.75,-128.55,-284.11,294.6,-7.35,140.12,-413.25,-96.3,-273.22,-350.25,-213.0,-241.03,310.35,14.7,199.89,-333.45,-133.05,-215.62,348.9,11.7,124.87,296.1,26.7,120.03,-297.9,-269.7,-246.36,286.65,21.15,247.32,-369.15,-100.65,-255.31,-324.75,-125.4,-246.36,341.55,-79.8,122.21,-339.0,-166.05,-178.35,348.3,-23.25,197.71
359.4,-25.05,154.64,-378.15,-129.0,-282.9,294.9,-7.8,139.88,-414.0,-96.3,-272.25,-351.45,-213.3,-241.27,308.85,14.25,201.34,-334.35,-134.1,-215.86,349.8,12.6,125.6,295.8,27.9,118.82,-298.5,-268.8,-245.63,286.95,22.05,249.99,-369.15,-100.8,-254.1,-325.05,-125.4,-247.32,340.95,-81.3,123.42,-338.4,-166.2,-177.63,348.45,-22.8,199.41
359.55,-24.6,152.7,-378.0,-127.8,-283.62,295.2,-7.5,141.09,-413.7,-96.15,-271.04,-351.15,-213.9,-241.27,308.4,13.8,201.59,-332.25,-134.4,-217.56,350.1,13.5,125.84,297.3,28.5,117.85,-298.65,-269.55,-245.63,286.8,22.05,248.53,-369.3,-100.5,-253.13,-326.25,-124.95,-245.39,342.0,-81.6,121.73,-337.65,-165.3,-176.9,349.95,-22.35,197.96
360.15,-25.2,151.73,-378.9,-128.7,-282.41,294.9,-7.8,139.15,-414.3,-96.3,-270.07,-350.4,-213.75,-242.0,309.6,13.95,201.83,-333.15,-133.2,-216.35,349.95,13.65,125.6,296.4,29.4,118.82,-298.2,-268.05,-246.36,286.2,22.65,247.81,-368.7,-99.75,-253.37,-325.2,-125.85,-247.57,340.95,-81.6,122.94,-338.1,-165.45,-175.69,348.9,-23.25,197.47
359.85,-25.5,152.46,-378.3,-127.95,-283.87,295.2,-7.2,140.6,-413.85,-95.55,-271.77,-350.7,-212.7,-240.31,308.7,13.2,200.86,-334.05,-133.35,-217.07,349.5,13.8,124.87,295.95,27.75,117.85,-298.65,-268.95,-244.9,287.25,22.2,248.53,-369.15,-101.1,-252.16,-325.35,-126.15,-245.63,341.1,-79.2,123.66,-337.95,-166.35,-174.0,349.95,-21.6,199.65
359.85,-24.3,153.91,-378.75,-128.1,-283.62,294.0,-6.9,140.6,-413.55,-95.55,-271.52,-351.45,-214.05,-242.48,309.3,14.25,202.8,-333.75,-133.65,-216.11,348.6,12.75,124.39,297.45,29.1,119.31,-298.5,-269.1,-246.6,288.0,22.35,248.05,-369.45,-100.95,-254.83,-325.2,-126.3,-248.05,340.8,-80.1,121.48,-338.7,-165.9,-174.97,348.3,-21.45,198.92
360.3,-25.05,152.46,-378.75,-127.35,-281.93,294.9,-7.95,140.6,-413.25,-96.6,-271.77,-352.8,-213.9,-242.24,309.45,13.65,201.34,-333.0,-132.15,-217.8,348.9,12.45,124.87,297.0,25.95,119.79,-297.75,-268.65,-242.73,287.4,23.25,248.53,-369.75,-99.75,-253.13,-324.9,-124.95,-247.81,341.25,-80.7,122.69,-337.95,-165.6,-174.0,349.5,-22.35,199.89
359.85,-25.8,151.98,-378.75,-128.55,-283.62,295.65,-6.6,140.84,-413.55,-96.3,-271.52,-351.0,-213.9,-240.55,310.65,14.1,201.59,-332.1,-133.5,-216.35,349.35,12.6,126.57,296.4,26.85,118.1,-298.8,-267.0,-244.18,286.05,22.05,249.02,-370.35,-101.25,-254.34,-325.35,-124.2,-245.15,341.7,-81.0,120.76,-338.4,-166.05,-175.93,349.8,-21.15,197.71
