349.65,-42.6,128.02,-373.5,-155.85,-291.13,316.2,-23.25,165.77,-403.65,-105.45,-264.51,-348.6,-218.85,-246.11,309.75,-3.75,194.57,-326.1,-145.65,-215.62,357.6,5.25,130.2,291.15,19.2,113.01,-300.9,-279.9,-251.92,289.35,12.45,248.29,-364.65,-107.85,-251.68,-330.45,-132.15,-250.71,338.25,-88.35,120.52,-337.35,-173.25,-175.45,351.3,-27.0,200.38
349.65,-44.4,127.53,-374.1,-155.25,-291.37,318.3,-22.65,165.04,-404.55,-105.3,-264.26,-349.05,-218.25,-246.11,310.35,-3.6,193.84,-327.3,-145.65,-214.17,356.4,4.8,128.26,291.15,19.5,112.05,-300.0,-279.3,-249.74,289.35,12.6,246.84,-364.5,-106.65,-250.23,-329.7,-131.7,-252.89,339.15,-86.85,120.03,-337.65,-172.8,-178.35,352.2,-27.45,198.2
349.5,-44.25,126.81,-373.5,-155.55,-291.61,315.9,-22.8,164.8,-403.95,-105.9,-264.75,-349.2,-217.65,-245.63,309.75,-3.0,195.29,-325.2,-146.1,-214.65,356.7,6.15,128.99,291.75,19.05,112.29,-300.15,-279.3,-249.5,288.15,12.15,247.32,-363.15,-107.4,-251.44,-330.3,-131.4,-251.92,339.75,-88.05,119.79,-337.65,-172.95,-176.66,351.15,-26.7,200.13
349.35,-44.4,126.57,-373.8,-154.95,-289.92,316.05,-23.85,166.01,-404.4,-105.15,-264.99,-349.65,-217.8,-246.36,310.05,-4.05,195.05,-325.8,-146.7,-215.86,356.25,6.0,130.2,290.25,18.6,113.26,-300.45,-280.2,-251.68,289.65,11.55,246.84,-364.35,-106.05,-251.92,-329.4,-132.0,-252.16,339.9,-87.6,119.06,-338.25,-173.25,-177.14,351.9,-26.7,199.41
348.9,-43.35,127.29,-374.55,-155.25,-289.92,315.75,-22.35,166.74,-404.4,-106.2,-265.47,-348.3,-217.95,-246.11,310.05,-3.6,195.29,-325.65,-145.8,-214.9,357.15,5.55,127.78,290.55,18.75,112.53,-300.45,-280.05,-251.92,289.35,11.55,248.05,-364.5,-106.8,-250.23,-330.15,-132.75,-253.62,338.7,-88.8,120.76,-338.1,-172.05,-176.42,351.15,-27.0,199.65
348.9,-43.95,127.05,-374.4,-155.4,-291.61,317.25,-22.8,165.29,-404.25,-105.3,-265.23,-348.75,-218.85,-245.63,310.5,-3.6,195.05,-325.95,-146.1,-214.17,356.7,5.85,128.99,290.85,19.2,112.05,-301.2,-279.15,-251.2,290.85,12.45,246.6,-364.5,-106.5,-250.95,-330.3,-132.15,-250.95,338.4,-88.2,120.76,-337.65,-171.9,-177.63,352.35,-27.45,198.92
350.7,-44.25,127.53,-373.5,-155.85,-289.67,316.35,-23.25,166.01,-404.55,-105.15,-265.23,-348.3,-217.8,-244.66,309.3,-4.2,194.81,-325.35,-145.8,-215.14,357.3,4.8,128.74,291.6,17.7,114.47,-299.85,-279.6,-250.95,289.95,12.0,247.32,-365.85,-106.65,-250.47,-330.9,-133.2,-252.16,339.15,-88.65,121.0,-337.95,-172.5,-178.11,349.95,-27.3,201.1
348.6,-44.1,128.99,-374.4,-154.8,-289.92,317.85,-22.5,165.53,-404.1,-103.8,-263.78,-349.5,-218.1,-246.11,310.35,-3.0,194.33,-325.05,-145.65,-214.41,357.3,5.55,130.44,291.0,18.6,113.5,-300.0,-280.05,-250.47,288.75,12.15,246.6,-363.9,-107.1,-251.2,-330.75,-132.6,-250.71,338.55,-88.2,120.76,-338.25,-172.35,-176.66,350.7,-26.7,198.92
350.25,-43.8,128.02,-374.4,-155.7,-291.85,316.8,-21.45,165.04,-404.4,-104.55,-264.51,-348.9,-217.35,-244.42,309.9,-4.2,194.81,-325.5,-145.2,-214.65,358.05,5.85,128.26,290.7,18.15,113.26,-300.0,-280.05,-251.68,290.1,12.15,247.08,-364.5,-106.8,-251.68,-329.85,-132.15,-251.68,337.8,-88.5,119.55,-338.25,-171.3,-176.66,351.9,-28.05,198.92
348.9,-43.65,128.5,-373.2,-156.15,-290.16,315.75,-22.95,165.29,-403.5,-104.7,-264.26,-348.6,-217.35,-244.9,309.75,-3.15,194.08,-325.8,-145.65,-215.38,357.3,6.6,129.23,291.75,18.0,113.26,-300.6,-279.9,-251.44,288.9,12.75,247.32,-365.25,-107.4,-250.71,-330.75,-131.7,-250.71,339.45,-87.75,119.55,-337.35,-173.1,-176.18,351.75,-26.4,199.89
348.15,-43.8,128.26,-374.25,-155.55,-291.85,316.5,-22.95,165.53,-404.25,-105.45,-264.02,-348.45,-218.1,-247.08,310.5,-3.45,194.81,-325.5,-145.35,-213.69,357.6,4.5,130.68,291.3,18.9,113.01,-300.6,-278.7,-249.99,290.25,13.2,247.08,-364.95,-106.8,-252.41,-328.95,-131.55,-250.95,339.6,-87.45,119.79,-337.95,-173.25,-175.93,351.75,-27.75,198.92
348.75,-44.1,128.02,-375.0,-155.4,-291.85,316.8,-22.2,166.01,-404.55,-105.3,-263.3,-348.75,-217.65,-244.66,311.1,-3.15,194.08,-326.85,-145.5,-214.17,357.3,5.55,128.99,291.3,18.6,112.53,-299.7,-279.75,-250.95,290.1,13.05,247.32,-364.35,-108.0,-250.47,-330.3,-131.25,-251.2,338.55,-88.5,121.73,-337.65,-171.45,-176.18,350.85,-27.0,200.38
348.6,-44.1,127.05,-374.55,-154.95,-289.43,315.6,-22.95,165.53,-403.95,-105.9,-264.02,-348.45,-218.55,-246.36,309.45,-3.3,195.05,-327.0,-145.35,-214.17,356.85,5.7,129.71,291.45,18.45,112.77,-300.15,-279.0,-249.5,289.35,11.55,247.81,-365.1,-107.25,-251.92,-329.25,-132.15,-251.92,339.45,-88.35,120.27,-337.35,-173.25,-176.66,351.6,-27.0,199.41
349.8,-44.25,127.05,-373.2,-155.85,-291.13,315.75,-24.3,164.32,-404.25,-105.15,-262.33,-349.35,-218.4,-244.9,309.9,-4.35,194.33,-325.5,-144.75,-214.65,357.6,5.55,132.37,291.0,20.1,113.98,-300.45,-279.45,-250.71,289.8,12.15,247.81,-364.35,-106.05,-249.02,-329.85,-132.3,-252.89,340.35,-87.45,118.82,-337.8,-173.7,-177.14,351.3,-27.15,199.65
349.65,-43.2,127.53,-373.8,-155.85,-290.16,316.8,-23.25,166.25,-405.0,-105.6,-266.68,-350.1,-219.0,-247.57,309.15,-2.85,193.6,-325.5,-144.9,-214.9,356.7,5.4,129.23,291.45,19.35,113.26,-299.85,-279.45,-250.47,289.8,11.85,247.08,-364.65,-106.65,-249.26,-330.45,-131.85,-252.16,339.0,-87.45,120.27,-337.35,-172.5,-176.66,350.7,-27.6,200.62
348.9,-44.1,128.26,-374.7,-156.15,-290.16,316.35,-22.5,165.77,-402.6,-105.3,-262.57,-350.1,-217.05,-245.87,309.15,-3.15,194.33,-325.35,-145.95,-214.17,358.2,6.0,127.29,290.7,18.15,112.05,-300.15,-278.7,-252.41,289.35,11.4,247.32,-364.5,-105.9,-251.2,-329.85,-131.25,-251.2,338.1,-87.15,121.0,-336.9,-173.25,-178.11,351.75,-27.15,199.65
349.35,-43.05,127.29,-375.3,-155.55,-291.85,316.2,-21.6,165.77,-403.95,-104.7,-264.26,-349.2,-218.4,-245.39,309.6,-3.6,194.81,-326.55,-145.2,-214.9,356.25,5.85,128.02,291.6,19.35,113.98,-300.3,-280.05,-250.95,288.9,12.0,247.08,-364.8,-106.95,-250.47,-329.55,-132.15,-251.2,339.15,-88.5,119.31,-338.1,-171.75,-177.63,352.5,-26.1,199.65
349.05,-43.95,128.74,-374.4,-155.25,-291.13,316.95,-23.25,166.01,-405.0,-105.15,-266.2,-347.7,-217.95,-245.15,309.0,-3.6,196.02,-325.5,-145.35,-214.41,357.0,5.25,128.74,290.85,18.9,113.5,-300.0,-278.55,-250.47,289.65,13.2,248.05,-364.65,-106.05,-252.89,-330.9,-131.25,-251.68,337.65,-88.35,119.55,-338.4,-172.35,-177.14,353.25,-27.15,198.92
348.6,-42.75,128.02,-373.2,-156.0,-291.13,316.95,-22.95,165.29,-404.4,-105.9,-264.51,-348.75,-218.55,-245.39,309.6,-3.3,195.05,-327.0,-145.05,-214.17,357.45,5.55,128.5,290.55,19.2,113.26,-300.0,-279.6,-251.44,289.05,13.05,247.81,-365.25,-106.65,-251.44,-329.1,-132.0,-252.65,339.3,-87.9,120.52,-336.75,-172.95,-175.45,350.85,-26.85,199.65
349.2,-43.95,127.29,-373.65,-155.7,-290.16,316.05,-21.45,164.32,-404.7,-104.7,-263.78,-348.9,-217.95,-244.9,310.05,-3.0,195.29,-326.25,-145.35,-213.93,358.05,6.15,128.26,290.1,19.05,112.05,-300.75,-280.2,-251.2,289.35,12.0,248.29,-364.8,-107.25,-249.99,-329.55,-133.05,-252.89,337.35,-87.15,119.79,-338.1,-172.35,-176.9,351.9,-26.7,198.92
349.2,-43.5,128.02,-373.8,-156.0,-290.64,316.35,-22.65,166.25,-404.25,-106.2,-263.78,-349.2,-219.45,-246.11,309.6,-3.45,194.81,-326.4,-145.2,-213.44,356.85,5.85,129.71,290.85,20.4,112.53,-300.3,-279.45,-250.23,288.9,11.7,246.6,-364.8,-106.2,-251.44,-330.15,-131.85,-251.92,339.0,-88.35,120.27,-336.75,-173.25,-176.42,351.45,-28.05,201.34
349.95,-43.2,126.81,-374.55,-155.1,-291.61,316.35,-23.1,165.77,-404.7,-105.6,-264.75,-349.5,-218.1,-245.15,309.75,-2.7,195.78,-325.5,-144.75,-215.62,357.45,5.85,128.26,291.15,19.2,112.77,-300.45,-279.6,-250.71,289.65,12.15,247.81,-363.9,-106.05,-250.71,-330.45,-132.45,-251.44,339.3,-88.5,119.55,-338.4,-173.1,-176.9,350.7,-27.45,199.89
349.35,-43.8,128.99,-374.7,-155.4,-290.88,316.5,-22.8,166.01,-403.5,-106.05,-264.26,-349.05,-217.95,-245.39,310.2,-4.05,195.54,-325.05,-144.9,-215.86,357.15,6.15,128.5,291.0,19.65,112.77,-300.0,-280.05,-251.44,290.1,11.55,246.6,-365.1,-107.85,-251.44,-329.85,-132.9,-251.92,338.7,-88.05,120.52,-337.05,-172.5,-177.39,351.6,-27.6,199.17
349.2,-44.1,126.32,-374.85,-155.85,-289.92,317.85,-23.25,166.74,-403.95,-105.15,-263.05,-349.5,-217.5,-245.63,310.2,-4.05,195.78,-326.55,-144.9,-213.93,358.35,6.0,128.26,291.45,19.35,113.01,-300.45,-280.2,-250.47,288.9,12.45,247.08,-365.25,-106.05,-251.44,-329.85,-132.6,-249.26,338.85,-87.3,120.52,-337.05,-172.65,-177.39,350.55,-27.0,200.86
349.35,-43.65,127.78,-374.7,-154.8,-291.13,317.55,-23.25,166.01,-403.65,-104.7,-263.54,-348.0,-218.55,-244.42,309.6,-3.9,195.54,-325.95,-145.95,-215.62,357.75,7.05,129.95,290.85,19.35,113.98,-300.6,-279.45,-250.95,289.8,12.3,246.84,-363.75,-105.6,-251.2,-329.85,-132.3,-252.16,339.45,-87.6,119.31,-337.8,-172.95,-177.63,351.3,-27.15,199.41
349.05,-44.1,127.05,-373.65,-155.85,-290.64,317.1,-23.4,165.53,-403.5,-104.85,-265.23,-348.3,-217.65,-245.39,309.15,-2.1,195.05,-326.55,-143.85,-214.65,357.9,5.7,129.23,292.05,18.15,109.87,-300.0,-279.75,-250.23,290.4,10.65,246.6,-364.5,-108.0,-250.71,-329.85,-132.3,-252.41,337.65,-88.05,119.31,-336.75,-173.85,-177.39,352.65,-27.6,199.41
350.1,-42.6,126.08,-374.1,-154.95,-290.4,316.35,-22.8,165.53,-405.0,-104.85,-265.23,-349.05,-218.7,-247.08,309.75,-3.9,194.81,-325.5,-144.6,-214.41,357.0,6.15,129.71,291.45,18.75,113.26,-300.6,-278.85,-250.47,289.35,12.45,248.29,-364.8,-107.7,-252.16,-329.25,-132.15,-253.13,339.75,-87.0,120.52,-336.75,-172.5,-177.39,351.9,-27.3,198.44
349.35,-42.9,126.81,-374.85,-154.5,-290.16,316.8,-22.5,164.08,-403.35,-104.7,-264.26,-349.5,-217.8,-245.15,309.75,-4.65,196.02,-325.65,-145.5,-214.17,356.85,5.25,130.2,290.25,19.2,113.74,-300.6,-279.45,-251.2,289.95,12.6,245.87,-364.95,-106.5,-251.92,-329.55,-133.65,-250.95,338.1,-88.35,120.76,-337.65,-172.95,-175.69,351.3,-27.3,199.89
349.95,-42.3,128.99,-375.15,-155.85,-290.16,316.95,-22.35,164.32,-404.1,-105.15,-265.47,-348.75,-217.65,-245.87,309.15,-3.6,195.54,-326.1,-145.65,-213.69,356.4,6.6,129.23,291.0,18.3,114.71,-300.0,-279.3,-251.92,288.9,12.6,246.36,-365.25,-106.2,-252.65,-329.7,-132.15,-251.68,339.3,-87.75,120.52,-338.85,-172.5,-179.08,351.9,-27.45,199.17
349.35,-44.25,127.29,-374.25,-155.55,-290.64,316.5,-22.95,164.56,-404.25,-104.7,-263.54,-348.0,-218.85,-246.11,309.9,-3.6,195.05,-326.1,-144.9,-213.93,358.2,6.0,130.2,291.6,18.6,112.53,-300.15,-280.2,-251.68,289.5,13.35,247.32,-364.5,-106.8,-251.2,-330.6,-133.05,-252.16,338.55,-86.55,121.97,-337.65,-173.1,-177.87,352.2,-27.0,200.13
349.35,-43.65,126.81,-373.65,-155.4,-291.37,315.9,-22.8,165.04,-404.1,-106.65,-263.05,-348.75,-218.7,-245.87,309.3,-3.6,196.5,-326.25,-145.2,-214.9,357.3,4.2,128.5,291.9,20.25,113.01,-301.2,-280.2,-251.68,289.8,12.0,248.29,-363.9,-106.95,-251.92,-330.3,-132.0,-252.16,340.05,-87.9,118.58,-337.65,-173.25,-175.93,351.75,-27.3,199.65
349.2,-44.25,127.05,-373.2,-156.15,-290.88,317.4,-22.95,166.25,-404.4,-106.65,-263.78,-348.15,-218.55,-246.6,310.5,-3.3,194.81,-325.65,-144.15,-213.93,356.85,4.8,129.47,291.0,19.95,113.01,-300.6,-279.3,-251.92,289.2,12.3,248.53,-364.65,-106.35,-250.47,-330.3,-132.45,-252.89,338.4,-87.45,120.27,-336.6,-172.5,-177.14,352.05,-27.6,200.86
348.15,-43.05,127.05,-373.95,-155.85,-292.34,316.8,-22.05,165.77,-403.5,-106.05,-264.75,-348.6,-217.8,-245.63,309.9,-4.35,194.08,-326.55,-145.65,-214.17,357.3,6.0,129.71,291.15,19.05,111.56,-300.9,-278.25,-250.71,290.1,13.35,246.6,-363.75,-106.5,-252.89,-330.45,-132.75,-252.41,338.7,-88.5,119.06,-337.5,-171.9,-177.39,351.9,-28.05,199.89
349.2,-42.9,128.5,-373.35,-155.25,-290.88,317.4,-23.1,164.56,-404.85,-106.95,-264.51,-350.1,-218.4,-246.36,309.45,-4.05,195.29,-326.25,-144.6,-213.2,357.3,5.1,129.23,291.0,17.7,112.53,-300.6,-279.0,-250.95,289.5,12.15,248.53,-363.9,-106.8,-249.99,-330.75,-132.75,-252.41,337.95,-88.65,121.0,-338.25,-172.5,-176.42,351.3,-27.9,199.89
348.9,-44.25,127.53,-374.1,-155.85,-293.55,317.4,-22.35,166.01,-404.1,-105.3,-265.47,-349.05,-218.25,-246.11,310.05,-3.75,195.05,-326.25,-145.65,-214.9,357.45,5.7,127.53,291.9,19.95,111.32,-300.45,-279.6,-249.26,289.35,13.2,247.57,-364.5,-107.85,-250.47,-330.15,-132.6,-251.92,339.3,-87.3,119.79,-338.25,-172.8,-177.14,351.0,-27.6,199.89
349.8,-43.5,127.29,-374.1,-156.0,-291.37,316.2,-22.5,165.04,-404.4,-106.2,-264.51,-349.05,-218.25,-246.11,309.75,-2.85,195.54,-325.65,-145.35,-215.14,357.0,4.65,130.44,291.0,18.75,113.74,-300.75,-279.45,-251.68,291.0,12.3,247.81,-363.9,-106.8,-250.47,-330.3,-131.85,-253.13,339.45,-87.75,118.82,-337.5,-173.25,-176.9,351.15,-27.75,199.89
349.35,-44.1,127.05,-374.25,-155.55,-290.4,317.7,-23.55,165.53,-403.65,-105.75,-266.2,-350.25,-218.1,-247.57,309.3,-3.9,193.6,-326.1,-145.5,-215.38,357.15,6.45,130.2,291.75,19.5,112.53,-300.15,-279.9,-250.23,289.8,12.6,247.32,-365.1,-106.35,-250.23,-329.85,-133.35,-251.92,338.7,-87.0,120.03,-337.65,-173.55,-176.66,351.45,-27.3,199.89
349.8,-43.65,127.53,-373.95,-155.7,-290.16,316.8,-22.2,164.56,-404.1,-105.6,-265.96,-347.85,-218.55,-245.63,309.9,-3.15,195.05,-325.95,-145.35,-216.11,356.25,5.55,127.53,291.45,19.05,113.98,-299.85,-280.2,-251.44,288.9,11.4,246.84,-365.55,-107.85,-250.71,-329.55,-131.85,-253.13,339.0,-88.2,119.31,-336.15,-173.1,-177.14,351.0,-27.3,200.38
349.95,-43.05,126.57,-373.8,-154.65,-290.88,317.1,-23.25,165.29,-403.5,-105.45,-264.51,-349.95,-218.25,-246.36,310.2,-3.15,194.08,-326.1,-144.75,-214.65,357.45,5.85,128.74,291.45,19.5,113.5,-300.3,-279.3,-249.74,290.1,12.0,246.11,-364.2,-106.95,-252.65,-330.15,-132.0,-253.37,338.85,-87.75,119.79,-338.1,-172.05,-176.9,351.3,-26.4,198.44
348.9,-43.05,128.26,-374.4,-155.85,-290.64,317.55,-22.8,163.83,-404.25,-105.3,-262.33,-349.05,-217.5,-245.63,310.05,-3.3,194.33,-327.0,-146.25,-212.23,356.1,5.25,129.47,291.15,19.05,112.05,-300.45,-280.5,-250.95,289.5,12.15,248.05,-364.35,-105.15,-249.26,-330.3,-132.9,-251.44,337.95,-87.6,120.27,-337.35,-173.4,-176.42,352.35,-27.15,201.1
349.35,-44.1,126.32,-373.35,-156.15,-291.13,315.75,-23.1,166.98,-404.7,-105.6,-264.02,-349.95,-218.25,-245.87,310.8,-3.3,196.02,-325.8,-146.85,-212.96,356.85,5.85,130.2,290.85,18.6,113.5,-300.0,-280.95,-251.44,289.35,12.3,246.6,-364.5,-106.65,-248.53,-330.6,-132.3,-251.68,338.55,-87.45,119.55,-337.2,-171.9,-175.93,353.25,-27.45,199.41
349.65,-43.35,127.05,-374.4,-156.15,-289.92,316.5,-23.4,166.01,-403.05,-105.15,-263.05,-349.65,-219.15,-246.36,309.75,-3.0,195.29,-325.8,-145.95,-215.62,357.75,6.15,128.99,291.0,19.05,112.29,-300.0,-278.7,-251.68,290.1,11.85,247.57,-364.35,-106.35,-249.02,-330.3,-133.05,-250.95,339.0,-88.5,120.52,-338.4,-172.5,-175.45,351.6,-26.7,199.65
350.1,-44.1,127.78,-373.5,-154.8,-292.09,316.2,-23.7,165.53,-403.95,-105.9,-263.05,-349.05,-218.1,-245.63,309.9,-3.9,195.54,-326.7,-145.8,-212.96,357.0,6.0,129.71,292.2,18.3,114.22,-300.0,-279.15,-250.47,288.75,12.3,245.87,-364.05,-107.4,-250.95,-329.85,-133.35,-252.41,338.4,-87.75,119.79,-337.65,-172.95,-176.9,351.9,-28.35,200.62
351.15,-42.9,128.02,-374.25,-154.95,-292.58,316.95,-22.2,166.01,-404.7,-105.45,-264.75,-348.45,-218.1,-245.39,309.3,-3.75,194.57,-325.5,-145.05,-215.14,356.7,5.85,129.95,291.45,19.5,113.5,-300.3,-279.3,-250.47,289.2,12.15,246.11,-365.7,-106.65,-251.68,-329.55,-131.55,-250.95,338.1,-88.2,120.03,-337.8,-172.35,-177.14,351.3,-27.15,200.62
349.5,-43.65,127.53,-374.7,-155.55,-289.92,316.35,-22.95,164.32,-403.8,-105.6,-264.51,-350.1,-217.35,-246.84,310.65,-3.6,194.57,-326.4,-145.2,-213.44,357.9,4.65,129.71,291.6,18.15,112.29,-299.25,-279.3,-249.99,289.8,11.25,247.32,-365.25,-107.55,-251.68,-330.75,-132.45,-251.68,339.45,-87.75,120.76,-337.5,-172.95,-176.66,350.7,-27.3,199.65
349.35,-43.2,126.32,-373.65,-156.3,-290.88,316.2,-23.1,165.29,-404.1,-105.75,-264.75,-348.0,-218.55,-246.36,309.45,-3.0,194.57,-326.4,-144.45,-214.65,356.25,5.55,128.74,291.6,18.6,113.98,-300.0,-279.6,-251.68,289.8,12.0,245.15,-364.5,-106.2,-251.44,-330.75,-132.75,-252.16,338.25,-87.45,120.52,-338.25,-173.1,-178.6,351.45,-27.0,200.13
349.8,-43.8,127.29,-373.95,-155.55,-291.13,315.45,-22.95,164.08,-403.5,-106.2,-262.57,-347.55,-218.85,-246.11,310.2,-3.0,194.33,-326.1,-145.05,-214.41,357.3,5.7,131.65,290.55,18.75,113.01,-300.15,-279.6,-251.68,288.75,12.45,246.6,-364.95,-106.2,-252.41,-329.7,-133.35,-251.2,337.95,-87.9,119.06,-337.05,-172.5,-177.39,352.35,-27.15,198.68
348.75,-43.35,127.53,-374.25,-154.8,-291.61,317.55,-22.95,163.83,-402.0,-105.0,-264.51,-349.2,-218.7,-245.87,308.4,-3.75,196.02,-325.65,-145.95,-216.35,357.45,5.25,128.74,291.3,18.45,112.53,-300.15,-281.4,-250.71,290.25,11.55,245.63,-364.8,-106.8,-251.2,-331.05,-131.7,-251.92,338.1,-87.6,118.1,-337.35,-173.25,-177.63,351.75,-27.3,198.92
348.45,-44.4,128.26,-373.5,-154.95,-290.4,317.25,-22.65,163.83,-405.0,-105.6,-263.78,-348.3,-218.25,-245.87,309.3,-2.85,194.33,-326.25,-146.25,-213.69,358.2,6.0,128.02,289.8,18.6,112.05,-299.55,-278.25,-251.2,290.1,11.55,246.84,-365.4,-106.8,-249.74,-328.35,-131.85,-250.71,339.15,-87.6,120.03,-337.8,-173.55,-177.87,351.3,-27.3,199.41
348.6,-43.35,127.29,-373.95,-154.95,-292.34,316.8,-22.8,165.77,-403.65,-106.2,-265.47,-348.75,-217.5,-245.39,310.2,-3.75,194.57,-325.05,-144.9,-213.69,356.1,6.45,130.2,290.4,18.6,111.32,-300.75,-280.5,-250.95,289.05,13.2,246.84,-365.1,-106.95,-253.13,-329.1,-132.6,-252.41,338.55,-87.3,120.52,-336.45,-172.35,-176.9,352.05,-27.0,198.92
