361.8,-22.8,137.7,-370.8,-138.3,-306.13,306.9,-15.3,145.44,-410.4,-109.35,-280.96,-355.8,-212.25,-250.95,295.8,4.05,173.27,-328.95,-135.75,-218.04,350.4,4.65,121.0,292.05,27.6,113.98,-304.65,-272.25,-252.89,283.95,16.8,244.42,-372.0,-105.75,-257.49,-329.7,-126.9,-250.47,337.2,-83.4,118.1,-341.4,-169.5,-179.56,349.05,-25.35,197.47
359.55,-23.1,138.18,-370.65,-138.15,-305.89,306.75,-15.15,146.17,-410.4,-108.75,-280.96,-356.55,-212.85,-251.68,295.65,4.5,172.79,-328.35,-135.0,-218.77,351.0,3.9,120.52,292.95,28.35,113.5,-304.5,-273.3,-253.86,286.05,17.55,242.97,-371.55,-105.6,-254.83,-329.4,-127.2,-251.68,337.05,-84.45,119.06,-340.35,-170.85,-179.56,348.15,-25.5,197.23
360.9,-22.35,139.39,-370.65,-138.45,-306.13,306.3,-15.6,145.2,-411.15,-108.75,-279.99,-355.65,-211.35,-250.71,294.6,3.75,174.0,-329.1,-134.1,-218.28,351.45,4.35,119.31,292.65,27.6,113.26,-304.2,-272.85,-253.86,285.45,16.2,244.9,-370.5,-105.45,-258.21,-329.25,-126.75,-251.2,337.5,-83.4,119.55,-340.65,-168.45,-178.6,349.2,-26.55,197.47
359.85,-22.95,137.46,-370.35,-138.9,-307.1,306.45,-17.1,143.75,-410.85,-108.6,-280.96,-356.55,-212.25,-253.86,294.9,3.6,172.79,-327.6,-133.8,-217.8,349.8,4.5,119.55,292.5,27.9,113.01,-304.5,-274.2,-253.86,284.85,18.0,244.18,-370.65,-105.9,-257.0,-329.85,-126.6,-249.74,337.65,-82.95,119.79,-340.65,-170.4,-178.84,348.15,-26.4,197.96
360.9,-23.55,136.73,-371.25,-137.7,-306.13,306.6,-15.45,146.17,-411.45,-109.2,-281.2,-355.8,-211.5,-251.68,295.95,3.75,173.03,-329.4,-134.1,-217.8,350.25,3.9,121.73,291.45,27.9,112.53,-304.95,-272.7,-253.62,286.8,15.9,244.42,-370.95,-105.45,-256.76,-329.55,-126.15,-250.71,337.65,-83.7,119.79,-341.25,-170.25,-178.84,348.3,-25.5,197.71
362.25,-22.65,137.21,-370.65,-137.85,-305.4,306.45,-15.15,143.51,-410.85,-109.5,-280.48,-354.9,-211.8,-253.13,295.65,3.9,174.24,-329.7,-134.55,-219.49,350.7,5.7,119.55,293.4,27.45,113.01,-304.95,-273.45,-253.86,286.5,16.8,243.69,-370.8,-106.05,-256.76,-330.0,-126.3,-251.68,337.2,-83.7,119.55,-340.5,-169.95,-178.84,347.4,-25.05,196.99
361.95,-24.15,137.7,-371.25,-138.6,-305.4,306.3,-16.5,145.2,-410.7,-110.1,-279.03,-356.1,-211.65,-253.62,294.9,3.0,172.3,-328.05,-133.8,-219.74,351.6,5.4,121.0,292.05,27.15,114.22,-304.35,-273.9,-255.31,284.7,16.65,244.18,-371.4,-105.9,-256.28,-329.25,-127.35,-251.2,338.1,-83.55,119.31,-341.1,-170.1,-178.35,348.0,-25.5,197.71
360.6,-22.8,138.91,-371.55,-137.85,-305.4,306.6,-15.15,145.44,-411.3,-108.75,-279.03,-355.2,-212.25,-253.37,295.05,4.95,171.58,-329.1,-135.6,-219.01,350.4,5.1,120.52,293.55,28.35,113.26,-304.2,-273.45,-254.58,285.3,17.25,245.15,-370.8,-106.2,-256.28,-329.55,-127.05,-251.68,337.05,-83.85,119.55,-341.1,-169.65,-179.08,348.6,-24.9,198.44
360.6,-23.25,138.67,-370.65,-138.0,-305.89,305.7,-15.75,145.68,-410.55,-109.5,-279.51,-356.85,-211.8,-252.41,294.15,3.45,172.3,-329.1,-133.8,-219.25,351.3,4.65,120.52,293.1,27.6,114.47,-304.05,-272.7,-252.89,283.8,16.95,244.42,-370.95,-107.7,-257.0,-329.85,-127.35,-250.23,337.8,-83.7,118.34,-340.35,-169.35,-180.05,347.4,-26.4,196.02
361.65,-22.5,136.25,-371.25,-138.6,-305.4,305.25,-16.5,145.68,-411.15,-109.35,-280.72,-357.0,-210.75,-254.1,294.75,2.85,172.79,-328.8,-133.95,-217.32,351.6,4.05,121.0,292.05,28.5,113.5,-303.3,-275.1,-253.13,284.85,15.3,243.69,-370.65,-105.9,-258.21,-328.95,-127.2,-249.99,337.95,-83.25,119.06,-341.55,-169.65,-179.56,349.2,-25.2,196.75
361.8,-23.1,136.49,-371.55,-138.3,-304.92,306.6,-15.9,145.68,-410.4,-108.6,-280.96,-357.3,-212.7,-252.16,295.05,3.9,172.3,-327.75,-133.5,-218.28,350.55,3.9,121.24,292.5,27.3,113.26,-303.6,-273.0,-253.37,284.25,16.8,243.94,-370.65,-105.45,-258.46,-329.7,-126.45,-250.95,337.5,-83.1,120.03,-341.7,-169.2,-179.08,347.7,-25.8,197.47
362.4,-22.5,137.7,-370.8,-139.35,-305.65,305.55,-16.5,146.65,-410.25,-110.1,-279.75,-355.95,-211.05,-253.62,295.35,3.9,173.27,-327.9,-134.55,-218.77,349.8,4.35,121.73,292.2,29.25,114.71,-303.9,-273.3,-253.62,283.8,15.9,243.94,-370.8,-105.45,-257.25,-330.0,-127.2,-251.44,337.5,-83.85,118.82,-341.25,-169.95,-180.53,349.5,-24.9,198.2
360.15,-23.55,137.46,-371.1,-138.0,-307.34,306.9,-16.05,145.2,-409.95,-109.8,-279.99,-355.65,-212.85,-251.92,295.95,4.95,172.06,-328.8,-134.85,-218.77,350.85,4.65,121.97,292.5,27.6,113.01,-304.05,-273.15,-254.58,286.5,16.95,243.69,-369.9,-105.3,-255.31,-328.95,-126.9,-249.99,338.55,-83.85,119.79,-340.8,-169.65,-179.56,347.55,-25.8,196.75
361.5,-22.95,138.91,-370.05,-138.3,-305.65,305.55,-15.15,145.2,-410.25,-108.45,-280.24,-357.45,-211.65,-252.89,295.2,3.45,171.34,-329.55,-133.8,-219.25,351.0,4.2,120.52,292.95,27.45,113.5,-304.95,-273.3,-253.86,285.15,16.95,244.42,-370.8,-106.8,-257.0,-328.65,-127.35,-251.44,337.2,-84.15,118.58,-341.1,-169.2,-179.81,350.4,-26.85,198.92
362.4,-22.65,137.94,-371.25,-138.45,-306.86,305.25,-16.05,143.51,-409.95,-110.7,-281.45,-357.15,-211.8,-252.41,294.6,3.0,172.55,-329.85,-135.3,-219.74,350.4,4.8,120.03,291.3,28.5,113.26,-304.35,-273.15,-253.86,285.3,16.8,243.21,-370.5,-106.5,-256.28,-328.65,-126.0,-251.68,337.5,-83.85,119.79,-339.9,-168.9,-181.5,348.9,-25.05,196.5
361.5,-23.25,137.21,-370.05,-137.7,-306.13,306.45,-16.35,145.93,-410.55,-109.8,-281.2,-355.05,-211.8,-251.2,295.35,3.6,172.79,-327.75,-134.55,-219.49,352.8,4.95,120.76,292.65,27.3,113.01,-304.2,-273.3,-253.86,286.05,16.95,245.87,-370.35,-105.75,-256.76,-329.55,-127.65,-250.47,336.9,-84.3,118.34,-341.4,-170.25,-180.53,349.8,-26.4,196.5
362.4,-23.7,137.21,-370.8,-137.85,-304.92,306.0,-15.3,146.17,-410.25,-109.95,-280.96,-356.7,-211.95,-253.13,296.1,4.2,172.06,-328.95,-133.95,-218.77,351.45,4.05,119.55,293.55,28.8,112.53,-305.4,-273.75,-252.41,285.15,16.05,244.42,-370.95,-104.4,-255.55,-328.95,-126.6,-250.71,338.25,-83.4,118.34,-340.65,-168.45,-181.5,349.2,-25.65,196.02
361.35,-22.5,138.42,-371.25,-139.5,-306.13,306.0,-15.75,144.72,-410.7,-109.95,-282.17,-355.95,-212.4,-253.37,295.65,4.2,171.58,-330.0,-133.95,-217.56,351.75,4.8,119.55,293.25,27.3,113.26,-305.1,-272.7,-252.89,285.0,16.95,244.42,-370.65,-106.65,-257.49,-329.85,-127.35,-250.71,338.4,-84.0,118.34,-341.1,-169.95,-180.53,348.9,-24.45,196.26
361.05,-23.55,137.7,-369.3,-137.85,-306.86,305.25,-16.65,146.17,-410.85,-110.1,-280.24,-356.4,-211.65,-252.16,295.05,3.45,173.27,-328.05,-134.7,-218.04,350.4,5.55,118.82,292.2,28.5,113.26,-304.35,-272.7,-253.62,284.7,17.55,243.69,-370.35,-105.45,-257.0,-329.1,-126.6,-250.47,337.8,-83.4,118.34,-341.85,-169.2,-179.56,348.3,-26.4,197.71
361.05,-23.4,137.46,-371.25,-137.7,-306.37,307.2,-15.15,143.51,-412.5,-109.05,-279.03,-356.4,-211.95,-253.37,294.9,4.65,172.06,-329.85,-134.4,-218.77,350.25,4.5,120.76,291.6,27.3,113.98,-303.6,-273.6,-252.16,285.45,16.35,243.94,-370.05,-105.9,-257.0,-328.65,-127.5,-250.71,338.1,-81.9,119.06,-340.8,-169.65,-180.53,348.75,-25.5,196.26
360.0,-23.1,137.21,-370.95,-138.75,-307.34,306.75,-15.45,143.75,-411.3,-110.1,-279.75,-356.1,-211.95,-252.16,294.6,4.5,171.82,-328.95,-133.2,-217.56,350.85,4.95,120.52,291.9,27.9,113.74,-304.8,-274.2,-253.62,284.7,16.2,245.87,-371.55,-106.35,-255.79,-329.1,-126.3,-250.23,337.95,-83.4,118.82,-340.95,-169.8,-179.32,348.6,-25.65,197.47
359.85,-23.7,137.94,-371.25,-138.15,-307.1,306.45,-15.6,145.44,-411.15,-109.65,-280.96,-356.1,-212.25,-251.92,294.9,4.05,171.58,-329.7,-134.4,-219.01,351.0,4.65,121.48,292.95,27.15,113.74,-304.2,-274.35,-253.62,284.1,16.95,242.97,-370.5,-106.65,-257.49,-329.25,-127.2,-251.44,338.25,-83.4,118.82,-340.2,-170.55,-179.32,348.45,-25.05,197.23
361.95,-23.4,136.97,-371.7,-137.85,-305.89,306.0,-16.8,144.96,-410.85,-109.8,-281.2,-356.55,-212.7,-251.44,294.75,3.9,172.06,-329.4,-134.7,-218.77,350.7,4.65,121.0,293.25,27.3,113.26,-303.15,-273.45,-252.65,284.1,16.5,244.18,-370.2,-106.8,-255.79,-329.55,-127.5,-251.2,337.35,-83.1,118.82,-341.7,-169.05,-178.6,348.15,-25.5,197.96
360.3,-23.25,138.18,-371.25,-138.15,-305.16,305.7,-16.2,146.65,-411.45,-108.9,-279.75,-356.1,-212.7,-251.68,295.65,4.05,171.82,-328.8,-133.8,-218.53,349.65,4.5,119.31,292.95,28.35,113.26,-304.95,-273.45,-252.16,286.05,16.65,244.66,-371.1,-105.75,-257.0,-328.95,-126.3,-249.99,337.35,-85.05,118.34,-340.2,-170.55,-179.32,348.75,-25.65,199.17
360.75,-23.7,135.76,-370.8,-137.4,-305.65,306.6,-16.2,145.68,-410.25,-110.55,-280.24,-354.9,-211.95,-253.37,295.35,4.2,171.82,-328.65,-134.1,-217.8,351.15,4.65,119.06,292.8,28.2,114.71,-304.35,-272.7,-252.89,284.7,16.95,245.39,-369.45,-105.9,-257.49,-329.55,-126.3,-250.95,338.1,-82.95,118.58,-339.9,-168.9,-180.29,349.8,-25.5,197.71
361.5,-23.85,135.52,-370.2,-138.0,-306.86,305.25,-16.35,146.65,-411.6,-108.75,-280.24,-354.75,-212.25,-252.16,295.35,4.05,173.51,-329.25,-135.15,-218.28,350.55,4.8,120.27,292.05,27.75,113.26,-304.05,-272.85,-252.89,285.45,17.7,245.39,-370.65,-105.75,-256.28,-329.7,-127.05,-252.41,337.35,-84.0,120.03,-340.65,-169.35,-180.05,348.0,-26.7,196.26
360.75,-23.25,136.73,-370.2,-137.85,-306.13,306.3,-16.8,144.96,-411.9,-110.25,-280.48,-355.5,-210.9,-252.16,295.2,3.3,172.3,-329.1,-135.0,-218.04,350.7,4.5,120.27,292.65,27.75,114.22,-303.75,-272.4,-254.34,284.55,16.65,242.73,-370.65,-105.6,-255.79,-329.25,-126.75,-252.16,337.5,-82.8,120.52,-340.5,-170.55,-179.08,348.45,-25.2,196.99
362.4,-23.85,137.7,-370.95,-139.05,-304.92,307.2,-16.8,145.44,-411.3,-109.05,-280.48,-355.5,-211.2,-253.62,294.3,3.6,172.3,-328.35,-133.65,-218.53,350.7,4.5,119.31,291.75,28.35,114.22,-303.6,-273.6,-254.34,285.0,16.5,243.69,-370.5,-105.9,-255.79,-329.55,-126.9,-249.74,337.8,-83.7,120.03,-340.5,-170.1,-179.81,347.7,-25.2,197.47
361.2,-23.55,137.46,-370.65,-138.75,-307.1,305.4,-17.4,146.65,-411.6,-110.1,-279.99,-355.05,-212.7,-253.37,294.75,3.6,171.58,-328.2,-132.75,-218.04,350.7,3.3,121.24,292.05,28.35,111.56,-303.3,-273.45,-254.83,285.3,16.35,243.45,-371.55,-104.7,-256.52,-329.1,-126.9,-250.23,337.95,-82.95,118.1,-341.25,-169.95,-179.32,348.3,-25.2,197.23
360.75,-23.55,138.67,-370.95,-138.3,-304.92,306.3,-15.9,145.44,-409.35,-109.35,-279.75,-355.5,-211.05,-252.41,296.55,4.05,172.79,-329.85,-133.5,-217.32,350.55,5.85,120.52,292.35,28.35,111.32,-304.8,-273.6,-253.86,284.85,17.55,243.69,-370.65,-104.7,-256.52,-330.15,-126.9,-251.44,337.95,-83.55,119.79,-340.65,-170.7,-179.32,348.0,-25.8,198.68
361.95,-23.1,136.97,-370.8,-138.45,-307.58,306.6,-16.35,147.14,-410.55,-110.25,-279.99,-355.5,-211.95,-252.89,295.2,3.9,172.79,-328.65,-134.1,-218.28,352.5,4.65,122.69,291.6,27.9,113.01,-304.65,-274.5,-254.58,286.65,16.35,243.69,-370.95,-105.75,-257.49,-329.1,-127.5,-250.47,338.4,-83.55,120.27,-341.1,-169.05,-178.11,348.45,-26.85,197.23
361.65,-23.4,139.39,-370.95,-137.7,-305.4,307.35,-16.2,144.72,-410.85,-110.1,-278.78,-355.95,-211.8,-252.89,295.2,3.9,173.76,-329.1,-134.55,-217.8,351.75,4.2,120.27,292.65,28.2,113.98,-304.35,-273.15,-253.86,285.15,17.1,244.66,-370.35,-106.05,-257.25,-329.85,-127.35,-250.23,338.25,-84.0,118.1,-341.4,-169.35,-180.53,348.3,-25.5,196.99
361.8,-23.1,137.94,-371.25,-138.45,-307.1,306.3,-15.6,146.89,-410.1,-109.65,-279.03,-356.1,-211.8,-251.2,294.9,4.05,171.82,-328.5,-133.2,-218.04,351.3,6.45,121.48,292.5,27.15,113.26,-304.8,-273.3,-255.79,285.3,17.4,243.94,-370.65,-105.75,-256.52,-329.7,-126.75,-250.23,337.35,-84.0,119.55,-340.8,-170.55,-180.53,348.45,-25.2,197.23
360.75,-22.65,137.94,-370.95,-138.6,-306.37,306.9,-15.75,145.93,-410.25,-108.75,-280.72,-356.25,-211.05,-253.86,294.6,3.45,171.82,-329.7,-135.3,-218.28,350.7,4.2,121.48,292.2,28.2,112.29,-304.05,-273.3,-255.55,285.75,16.35,244.9,-370.65,-106.5,-257.73,-328.8,-127.2,-251.68,338.1,-83.55,119.79,-341.1,-169.8,-180.29,349.35,-25.65,197.47
360.15,-23.4,136.73,-371.25,-138.75,-304.92,307.05,-15.6,146.41,-410.55,-109.05,-281.2,-356.85,-212.25,-252.41,295.35,3.6,172.79,-328.65,-135.0,-218.28,351.15,4.35,121.48,293.1,27.9,113.98,-304.05,-273.15,-254.34,285.45,16.5,244.42,-371.4,-105.45,-256.52,-330.15,-127.5,-249.99,337.5,-82.95,120.76,-340.95,-169.95,-179.32,348.6,-25.2,199.41
361.05,-23.25,137.46,-371.25,-139.05,-306.37,306.45,-16.35,144.96,-410.1,-109.65,-280.96,-356.55,-211.8,-252.65,295.35,5.1,173.51,-327.6,-134.1,-219.98,350.85,5.1,120.52,292.35,28.35,113.98,-304.35,-274.2,-254.58,283.2,17.25,243.45,-370.8,-106.95,-257.0,-329.55,-126.75,-251.2,337.95,-83.4,120.27,-341.55,-169.65,-180.77,348.45,-25.2,198.68
361.8,-23.1,137.21,-371.1,-138.9,-305.16,307.65,-15.75,145.44,-410.7,-109.35,-280.72,-356.25,-211.2,-252.89,295.2,4.2,172.3,-328.95,-133.65,-218.53,350.7,4.35,119.31,291.45,27.9,112.53,-304.8,-273.9,-254.58,284.55,15.9,243.45,-371.1,-105.75,-256.28,-330.15,-126.3,-250.95,337.2,-84.45,118.34,-341.55,-169.65,-180.05,349.5,-26.55,198.2
361.2,-22.65,138.42,-370.95,-137.7,-306.86,305.85,-16.2,145.2,-411.0,-109.5,-280.24,-356.25,-211.5,-251.92,295.8,4.05,173.76,-329.1,-133.35,-219.74,350.7,3.9,119.31,292.2,27.15,112.77,-304.5,-272.7,-253.13,284.25,17.85,241.76,-370.5,-105.15,-258.46,-330.3,-127.05,-251.2,338.1,-84.15,118.34,-341.4,-170.25,-179.32,348.75,-25.2,197.96
361.05,-23.7,137.7,-370.5,-138.15,-306.61,305.85,-15.75,145.68,-410.4,-110.1,-279.99,-356.85,-212.4,-251.68,295.05,3.3,171.34,-328.65,-134.4,-217.8,351.6,4.2,119.79,291.9,28.2,113.98,-302.85,-273.6,-254.34,285.6,16.8,244.66,-370.05,-106.2,-257.49,-329.25,-128.1,-252.41,337.65,-83.55,118.1,-340.65,-169.05,-179.08,348.6,-24.6,197.23
361.5,-23.25,138.67,-370.65,-138.75,-306.61,306.75,-16.2,144.23,-411.45,-110.1,-280.72,-355.95,-211.95,-254.34,295.35,4.5,171.34,-328.95,-133.95,-218.04,350.4,4.65,120.03,292.5,28.05,113.98,-304.05,-272.4,-254.1,285.0,17.55,243.45,-369.6,-106.5,-257.97,-329.1,-127.5,-251.44,336.75,-83.4,119.55,-340.8,-169.5,-180.77,347.85,-25.65,197.23
360.75,-23.25,136.25,-371.1,-138.6,-305.89,306.3,-15.9,145.2,-410.4,-108.15,-279.27,-355.35,-213.15,-255.31,295.8,4.2,172.3,-328.65,-135.3,-218.04,351.45,4.65,121.97,292.05,28.35,113.26,-303.9,-274.2,-253.86,284.4,17.25,243.21,-369.9,-107.1,-258.94,-329.55,-126.9,-250.71,337.95,-83.7,119.31,-341.7,-169.5,-177.87,348.75,-25.95,197.47
361.65,-22.65,138.18,-371.1,-138.45,-306.37,306.45,-15.6,145.44,-411.0,-109.5,-279.51,-356.85,-212.1,-252.16,294.6,3.45,172.3,-328.8,-135.6,-219.01,351.6,4.5,120.52,292.65,28.05,114.22,-304.35,-272.25,-254.1,285.15,16.95,242.97,-370.95,-105.75,-256.52,-330.3,-128.55,-251.68,337.05,-84.15,119.79,-340.5,-169.95,-179.56,349.05,-25.95,198.2
359.7,-22.35,139.15,-370.35,-139.35,-305.4,307.05,-15.9,144.72,-410.7,-109.05,-281.69,-355.8,-211.35,-252.89,296.1,4.05,173.27,-328.35,-134.1,-217.32,351.45,2.7,119.79,292.2,27.75,113.01,-304.5,-273.45,-255.07,285.6,16.95,245.15,-371.4,-106.5,-256.52,-330.3,-127.65,-252.65,336.6,-84.45,119.79,-340.35,-170.7,-180.53,348.15,-25.65,196.75
361.95,-23.1,138.42,-370.8,-138.6,-304.68,306.3,-16.2,144.72,-410.4,-109.8,-279.51,-356.4,-210.45,-252.41,295.8,3.75,172.06,-327.6,-134.7,-217.56,350.4,4.65,121.48,291.3,28.05,113.01,-303.9,-274.35,-253.37,285.6,17.85,244.66,-370.8,-105.3,-257.25,-329.85,-128.1,-252.16,336.75,-84.15,119.31,-341.1,-169.95,-180.53,349.2,-25.95,196.99
359.85,-22.95,136.49,-371.4,-137.55,-305.16,306.3,-15.45,143.99,-409.95,-110.55,-279.99,-356.4,-211.95,-251.92,296.1,2.55,171.34,-329.85,-133.65,-219.01,351.75,4.95,121.73,292.95,28.05,113.01,-302.85,-273.6,-252.16,285.0,16.95,243.21,-370.5,-106.05,-256.76,-328.5,-127.2,-251.2,337.05,-83.85,119.31,-341.55,-169.95,-179.81,349.35,-25.65,198.2
361.95,-22.95,136.49,-371.1,-138.9,-304.92,306.3,-16.2,145.2,-409.95,-109.35,-280.24,-355.5,-212.25,-253.13,295.05,3.75,172.06,-328.35,-134.25,-218.04,350.4,4.65,120.03,294.15,28.05,112.05,-304.05,-273.6,-252.89,285.0,16.8,243.94,-370.8,-105.3,-257.73,-329.4,-127.95,-249.5,337.8,-82.95,118.1,-341.7,-169.95,-179.56,348.15,-25.95,198.44
360.45,-23.7,136.0,-371.1,-138.3,-305.4,306.3,-15.15,145.2,-410.55,-109.95,-279.51,-356.55,-210.75,-252.16,294.9,4.05,173.03,-328.8,-134.4,-217.32,350.85,4.35,119.31,292.8,28.2,113.98,-304.05,-273.3,-252.89,285.3,16.95,244.18,-370.2,-106.05,-255.55,-329.25,-127.2,-250.95,337.95,-83.7,119.31,-341.4,-169.5,-179.81,348.75,-25.8,197.96
360.75,-23.4,137.94,-370.65,-137.4,-306.37,306.6,-16.2,145.44,-411.0,-108.45,-280.48,-356.25,-211.35,-253.86,295.8,3.75,171.58,-328.05,-134.7,-218.04,351.15,4.95,119.06,292.35,28.2,112.53,-304.35,-273.75,-252.89,285.6,16.5,242.97,-370.65,-106.2,-257.0,-329.7,-126.0,-249.99,336.45,-82.95,119.79,-341.25,-169.95,-180.05,348.0,-25.95,197.71
361.2,-22.8,136.49,-370.05,-137.7,-304.92,306.3,-16.5,145.2,-410.85,-109.8,-281.45,-356.4,-211.2,-252.89,295.65,3.6,172.55,-329.7,-134.55,-216.83,350.55,4.2,119.79,292.8,27.0,112.53,-304.2,-273.0,-252.65,285.9,16.65,245.39,-369.6,-105.3,-257.25,-329.1,-127.2,-251.44,337.2,-83.1,117.37,-341.4,-169.2,-180.29,348.6,-25.65,198.44
361.35,-23.4,137.21,-371.1,-138.15,-306.37,307.05,-16.05,146.41,-410.4,-110.55,-280.48,-356.55,-212.25,-252.89,295.8,3.9,173.03,-329.4,-135.3,-220.46,350.55,4.95,120.76,292.2,27.75,114.22,-304.35,-273.9,-254.83,286.05,15.9,243.94,-369.45,-105.45,-257.25,-329.85,-126.9,-249.5,338.1,-82.8,119.06,-341.4,-169.5,-179.08,348.9,-26.1,197.47
