370.8,-22.8,146.17,-361.65,-126.45,-293.3,325.65,-3.3,139.15,-399.75,-105.15,-293.06,-346.2,-209.25,-250.71,313.05,15.9,184.16,-323.7,-132.9,-242.48,344.1,3.6,104.3,294.9,30.75,110.35,-301.5,-264.3,-256.76,271.35,19.8,214.41,-375.0,-114.75,-264.26,-329.1,-126.3,-251.2,334.8,-81.3,114.95,-345.15,-167.7,-186.34,343.95,-26.55,194.33
370.95,-23.4,146.41,-362.25,-126.15,-295.97,326.85,-4.8,139.15,-399.15,-105.3,-294.27,-346.5,-208.65,-250.47,312.6,15.9,183.19,-324.45,-132.6,-244.42,343.35,3.45,104.79,295.5,29.1,110.59,-301.05,-265.5,-257.97,271.5,19.2,214.41,-375.3,-114.0,-263.78,-329.25,-125.55,-251.92,335.7,-80.85,114.95,-344.25,-168.45,-183.19,344.85,-26.7,192.63
370.95,-23.4,145.93,-360.9,-126.6,-294.51,325.95,-3.6,139.15,-398.7,-105.75,-295.0,-345.45,-207.6,-251.92,311.85,15.0,184.4,-324.15,-132.75,-244.9,344.1,3.6,105.51,295.5,30.3,109.87,-302.1,-264.3,-258.46,272.25,19.5,215.86,-374.55,-114.15,-263.54,-329.4,-125.85,-252.65,335.55,-81.45,115.92,-345.0,-168.6,-184.89,344.4,-26.25,193.6
370.35,-23.55,146.17,-361.65,-125.7,-293.79,326.4,-3.45,138.42,-398.85,-104.25,-292.58,-346.35,-210.3,-249.99,311.1,16.35,183.19,-323.7,-132.6,-245.15,344.4,2.25,103.82,294.75,29.4,111.32,-301.2,-264.75,-257.49,271.35,19.35,216.35,-375.3,-113.1,-263.05,-329.25,-126.3,-252.65,335.85,-81.3,114.95,-345.3,-168.3,-184.89,344.1,-26.4,192.87
371.4,-22.65,147.38,-362.1,-126.6,-295.97,326.7,-5.25,138.91,-398.7,-105.6,-294.27,-346.65,-208.2,-251.2,310.8,16.05,184.16,-323.7,-131.55,-244.42,343.95,4.05,106.24,295.65,29.25,111.08,-301.35,-264.6,-256.28,272.4,19.65,214.65,-375.0,-113.25,-264.02,-328.35,-127.05,-254.1,336.45,-81.45,115.43,-345.3,-168.45,-185.13,344.4,-27.9,193.6
370.5,-22.95,146.65,-361.8,-126.6,-294.27,327.15,-4.95,138.18,-399.6,-104.85,-293.3,-345.9,-208.2,-250.71,312.15,16.35,182.95,-324.15,-132.45,-242.0,343.2,3.0,103.33,295.95,29.85,108.9,-302.4,-265.05,-256.28,271.8,19.65,215.62,-374.55,-114.45,-263.78,-329.1,-126.45,-252.41,335.55,-81.0,113.5,-344.85,-167.85,-184.89,343.95,-26.4,191.66
371.4,-23.4,145.93,-361.35,-127.2,-294.03,326.55,-5.25,138.91,-400.35,-105.75,-294.03,-345.9,-208.65,-249.5,312.6,15.9,184.16,-322.95,-133.2,-242.97,343.35,3.75,105.03,296.25,30.3,111.08,-302.1,-264.75,-258.46,271.05,20.25,215.38,-374.85,-113.55,-263.54,-328.65,-126.15,-253.37,336.0,-81.45,114.71,-345.3,-168.3,-186.1,344.4,-26.7,192.63
370.5,-23.55,145.68,-361.2,-127.2,-294.27,326.25,-4.2,138.42,-399.6,-105.15,-294.27,-346.2,-208.65,-252.65,312.15,16.2,183.92,-322.65,-132.75,-245.15,344.1,3.45,103.58,294.75,31.05,110.11,-301.65,-264.9,-257.49,270.45,18.3,216.11,-373.5,-113.7,-263.3,-330.3,-126.15,-252.89,335.25,-81.6,113.98,-343.95,-169.05,-183.92,343.95,-26.1,192.87
372.6,-23.1,147.86,-362.4,-126.0,-294.27,327.0,-3.9,137.21,-400.8,-104.7,-294.76,-345.9,-208.8,-251.2,311.7,16.5,185.37,-323.4,-132.75,-242.24,343.8,3.0,104.06,295.2,29.55,110.84,-303.3,-264.45,-257.49,270.45,20.1,213.69,-374.7,-113.7,-265.47,-329.7,-126.75,-253.13,334.95,-81.6,114.95,-345.45,-168.3,-185.13,344.7,-26.1,191.66
370.95,-22.8,146.17,-360.9,-126.75,-295.48,326.7,-4.5,138.67,-400.35,-105.15,-292.34,-346.5,-207.75,-252.41,312.0,16.5,183.44,-322.65,-133.95,-243.94,343.8,4.2,105.03,295.95,29.55,109.63,-302.85,-265.5,-257.0,271.5,19.5,214.65,-375.3,-113.55,-265.23,-328.65,-126.75,-252.16,335.7,-81.6,116.16,-344.85,-169.2,-183.92,344.1,-26.7,194.08
370.35,-22.95,147.38,-361.2,-127.2,-293.55,326.85,-3.3,137.21,-399.9,-105.3,-293.79,-345.0,-209.85,-249.99,312.75,15.45,183.92,-324.15,-134.4,-244.42,344.25,2.4,103.09,295.65,29.25,111.08,-302.4,-264.3,-257.0,271.65,19.35,216.83,-375.0,-113.55,-263.78,-330.45,-126.15,-253.13,335.7,-81.45,116.4,-345.0,-168.0,-185.37,343.8,-27.15,193.84
371.1,-22.95,144.47,-362.1,-127.2,-295.0,326.85,-5.1,139.39,-399.6,-105.75,-294.27,-346.05,-209.7,-250.71,311.55,16.5,183.68,-324.0,-132.45,-243.45,344.55,3.0,101.88,294.75,30.3,111.56,-302.85,-265.8,-257.0,271.95,19.2,216.11,-374.7,-113.1,-264.51,-329.85,-125.85,-252.16,335.1,-81.3,116.64,-344.55,-168.9,-185.13,344.25,-25.95,193.6
371.7,-23.25,146.65,-361.35,-126.6,-295.24,325.65,-4.8,137.94,-399.6,-106.2,-292.82,-346.65,-208.8,-250.47,312.0,15.6,184.65,-323.55,-132.9,-243.94,343.95,3.6,103.09,295.65,29.85,110.11,-301.95,-266.1,-257.97,271.8,19.05,216.35,-374.7,-114.3,-263.05,-329.25,-125.7,-253.37,335.4,-80.7,115.68,-345.0,-168.6,-185.13,343.8,-26.55,192.63
370.05,-23.1,147.62,-361.65,-126.3,-293.55,327.0,-5.4,137.46,-399.0,-104.25,-294.27,-346.35,-208.8,-250.23,312.0,15.3,184.16,-323.1,-133.35,-244.66,344.4,4.2,105.03,294.9,30.6,111.08,-302.1,-263.85,-258.21,271.2,19.05,217.32,-374.7,-113.4,-264.26,-330.15,-126.6,-252.65,336.0,-80.55,115.19,-344.25,-167.25,-184.65,344.4,-26.1,193.12
370.2,-24.0,146.89,-361.5,-127.05,-295.72,326.55,-4.05,138.67,-400.35,-103.8,-293.3,-345.0,-208.5,-251.68,311.4,15.75,183.92,-324.15,-132.75,-244.42,344.4,2.85,103.58,295.5,30.0,109.38,-302.25,-265.8,-256.76,272.4,19.95,216.59,-374.25,-112.8,-265.23,-330.15,-126.45,-251.44,335.85,-80.25,114.71,-344.7,-167.1,-184.16,344.4,-27.15,192.63
370.95,-23.7,146.65,-362.25,-126.75,-294.76,326.7,-3.9,138.42,-400.2,-104.7,-293.3,-345.75,-210.3,-250.47,312.3,14.7,186.34,-324.0,-133.05,-243.94,343.95,3.6,104.06,295.05,29.7,111.32,-302.7,-264.3,-257.73,271.5,18.75,215.38,-375.3,-113.55,-265.72,-329.1,-126.3,-254.1,335.85,-80.4,114.22,-344.85,-167.85,-183.92,344.25,-26.55,194.08
370.65,-23.4,146.89,-361.95,-126.3,-294.03,327.0,-4.65,138.42,-399.6,-103.65,-294.51,-345.75,-210.3,-250.47,311.7,15.0,183.92,-323.7,-131.85,-243.69,344.85,3.6,103.82,294.9,30.15,109.87,-301.8,-265.35,-256.28,270.45,20.55,216.59,-374.55,-113.4,-264.02,-328.35,-125.25,-252.65,336.45,-80.7,115.19,-344.7,-168.45,-184.89,344.7,-26.85,193.36
370.35,-23.85,146.65,-361.8,-127.2,-295.72,327.15,-5.25,138.91,-398.85,-106.05,-294.51,-346.8,-209.55,-250.71,312.45,16.35,184.4,-323.4,-131.7,-243.45,343.05,3.3,103.33,295.5,30.15,109.63,-301.65,-265.2,-257.49,272.7,20.1,216.35,-374.7,-113.85,-265.96,-329.55,-125.55,-253.37,336.45,-80.25,115.43,-344.4,-168.45,-182.95,344.7,-27.0,193.6
370.95,-23.55,147.14,-361.2,-126.3,-294.76,327.75,-4.95,140.6,-399.15,-105.9,-294.27,-346.5,-209.4,-249.99,312.75,15.9,181.74,-323.85,-132.9,-242.97,343.35,4.05,104.06,295.95,29.7,110.35,-301.95,-264.6,-257.49,271.65,18.75,216.35,-374.85,-113.55,-263.05,-329.1,-125.55,-252.16,334.8,-80.4,115.68,-344.4,-168.15,-184.65,344.1,-26.55,193.84
370.5,-23.4,146.65,-361.8,-126.45,-293.79,327.15,-5.1,139.39,-399.75,-105.75,-292.82,-346.2,-209.55,-252.89,313.05,14.85,184.4,-323.7,-132.6,-244.9,343.95,3.75,102.61,295.35,29.85,109.63,-302.1,-264.6,-256.52,271.35,19.2,216.35,-374.7,-113.85,-264.99,-328.95,-126.9,-252.89,335.25,-81.6,116.64,-343.35,-167.7,-184.89,344.55,-27.3,194.08
371.4,-23.25,146.41,-362.25,-127.35,-295.24,326.7,-4.5,136.49,-398.7,-105.15,-292.09,-346.05,-209.55,-251.2,312.0,16.2,184.4,-323.7,-132.75,-243.94,345.3,1.95,102.85,295.8,29.25,109.87,-301.2,-265.5,-255.79,273.0,18.6,216.11,-374.55,-112.8,-264.51,-329.4,-125.4,-252.16,335.55,-80.4,117.13,-345.15,-168.3,-183.68,342.75,-26.7,194.57
370.95,-22.65,147.62,-362.55,-127.8,-295.24,326.25,-3.45,138.42,-400.35,-105.6,-293.06,-347.1,-208.65,-250.47,312.0,16.05,185.37,-323.7,-133.35,-243.69,344.7,4.2,103.09,295.35,28.5,109.63,-302.55,-265.95,-257.25,271.95,19.05,213.69,-374.55,-114.15,-263.54,-329.4,-126.75,-250.47,335.7,-80.4,115.92,-344.4,-168.15,-184.4,344.4,-26.1,194.08
370.35,-22.8,148.35,-361.2,-126.0,-293.79,325.65,-3.9,137.94,-398.1,-104.25,-293.79,-346.5,-208.5,-250.95,310.95,16.35,183.68,-323.7,-133.2,-242.24,344.1,3.15,103.82,295.2,30.0,110.59,-301.65,-265.05,-258.46,271.35,19.8,214.9,-375.6,-114.3,-264.99,-329.4,-126.45,-251.92,336.0,-81.9,116.89,-345.6,-168.9,-184.65,344.25,-26.4,193.12
370.65,-23.55,146.65,-362.55,-125.4,-293.55,327.15,-5.1,136.73,-399.15,-105.45,-293.06,-346.65,-209.55,-250.95,312.15,15.75,185.13,-324.6,-133.35,-243.69,345.3,1.95,104.54,295.35,30.0,110.59,-301.2,-264.3,-256.04,270.9,18.75,216.11,-374.85,-114.3,-265.72,-330.0,-127.35,-252.89,334.8,-81.15,116.4,-345.9,-168.15,-185.61,343.65,-27.45,191.42
371.85,-22.65,147.62,-361.35,-127.65,-293.55,327.0,-4.2,138.91,-400.2,-104.55,-292.34,-346.35,-209.85,-250.47,312.6,15.6,184.4,-323.7,-132.3,-245.39,343.95,3.45,104.06,295.5,30.3,110.84,-302.55,-266.4,-255.79,270.45,18.6,217.07,-375.0,-113.55,-264.75,-329.4,-126.0,-252.41,335.7,-80.1,115.19,-345.75,-168.3,-185.13,343.8,-26.55,193.36
369.6,-22.5,146.65,-361.65,-126.6,-293.79,326.7,-4.35,138.67,-400.65,-104.55,-294.27,-346.95,-210.0,-250.95,312.0,16.5,184.65,-323.55,-132.9,-242.97,345.15,2.85,102.37,295.8,30.6,111.08,-302.4,-264.9,-258.46,271.95,19.2,214.9,-375.15,-113.55,-264.02,-329.4,-126.3,-251.2,336.15,-80.7,115.92,-344.25,-168.6,-185.86,344.7,-25.35,193.6
371.25,-23.7,146.89,-361.65,-127.65,-295.24,325.8,-4.2,138.18,-399.9,-105.0,-294.03,-345.9,-208.65,-250.23,310.5,16.5,183.44,-323.55,-133.2,-243.21,344.25,4.35,102.85,296.55,29.7,109.63,-301.65,-265.35,-256.76,271.5,18.75,215.86,-374.55,-114.45,-265.72,-329.1,-125.85,-252.41,335.85,-80.4,116.4,-344.4,-167.7,-184.4,343.65,-25.2,193.12
370.95,-22.8,146.17,-362.1,-126.45,-294.51,327.15,-4.95,139.15,-399.45,-105.75,-294.03,-346.05,-208.5,-252.16,312.3,15.0,183.68,-324.0,-133.5,-242.48,343.95,3.45,103.82,295.35,30.15,110.11,-301.35,-264.9,-258.21,271.8,19.5,216.35,-374.7,-114.6,-264.51,-329.25,-126.75,-253.86,334.5,-80.4,114.71,-345.45,-168.0,-185.13,345.0,-27.15,193.6
371.7,-23.1,145.2,-362.4,-126.3,-294.03,326.85,-4.95,140.12,-399.15,-105.3,-292.82,-346.35,-210.15,-251.68,312.15,16.35,183.68,-323.85,-133.35,-244.66,344.4,4.35,102.37,294.75,28.95,110.84,-302.25,-264.45,-258.21,272.1,19.05,214.65,-375.3,-113.55,-264.75,-330.75,-126.3,-252.16,335.55,-80.25,115.68,-343.8,-168.3,-184.16,343.95,-27.6,194.08
371.25,-23.1,147.62,-361.65,-126.9,-294.51,326.4,-4.2,138.67,-399.15,-105.15,-292.58,-345.0,-210.0,-250.23,312.3,17.1,184.4,-323.85,-133.5,-244.9,344.1,3.75,104.3,294.75,28.8,111.8,-303.0,-265.05,-255.79,271.5,19.8,214.9,-375.0,-112.95,-264.02,-329.4,-126.15,-252.65,334.2,-82.2,115.92,-344.25,-168.9,-186.34,343.35,-27.0,193.36
370.35,-23.7,148.1,-361.65,-126.6,-295.48,327.6,-4.5,138.18,-400.35,-105.75,-293.79,-344.85,-209.1,-250.47,312.0,16.05,184.4,-322.35,-132.9,-242.97,344.7,3.15,104.06,295.35,29.55,111.8,-301.5,-265.65,-258.21,271.95,19.2,215.38,-373.65,-113.85,-264.26,-328.95,-125.7,-253.13,336.45,-81.3,116.4,-344.55,-168.0,-184.65,344.4,-26.55,193.84
371.25,-23.25,146.17,-361.5,-126.3,-295.48,326.7,-5.55,137.94,-398.1,-105.0,-293.06,-345.45,-210.0,-250.71,312.0,16.05,183.68,-323.4,-132.15,-245.15,343.8,3.0,103.58,295.65,30.15,110.35,-301.05,-265.2,-256.28,271.95,19.05,216.59,-374.55,-113.7,-264.75,-329.4,-126.15,-252.41,336.0,-81.15,116.16,-344.55,-167.85,-183.92,343.8,-26.85,193.36
370.65,-22.65,146.89,-361.5,-126.15,-294.27,326.55,-5.25,138.18,-399.0,-104.85,-294.03,-345.6,-209.7,-251.2,312.15,15.9,185.37,-324.0,-132.3,-243.69,344.1,3.6,103.58,294.9,30.45,109.87,-302.55,-264.75,-257.97,272.85,19.05,216.11,-375.9,-112.95,-263.05,-330.3,-125.7,-252.16,336.6,-80.85,115.19,-345.3,-168.45,-184.16,344.25,-26.7,192.63
370.8,-23.4,147.14,-360.6,-126.75,-294.76,327.15,-4.05,138.67,-400.2,-104.85,-293.55,-346.2,-208.5,-249.5,313.2,16.05,184.65,-323.55,-132.15,-244.66,344.4,2.4,105.03,295.05,29.4,110.35,-301.65,-265.95,-257.73,271.95,19.5,214.9,-375.9,-113.4,-265.72,-330.15,-125.7,-252.16,334.5,-80.85,116.4,-345.15,-167.85,-184.89,344.55,-25.95,194.57
370.5,-23.25,147.62,-361.8,-127.05,-295.24,326.55,-4.5,138.18,-399.6,-104.55,-294.76,-345.45,-209.25,-251.68,311.55,15.9,183.68,-323.7,-132.9,-243.21,344.7,2.7,102.85,295.8,29.4,110.35,-301.2,-265.5,-256.28,272.1,19.05,216.35,-374.55,-113.1,-264.75,-329.4,-126.45,-251.68,335.85,-80.4,114.71,-345.15,-167.55,-184.65,344.55,-27.15,194.08
370.35,-23.85,147.62,-361.2,-126.3,-293.55,327.3,-5.25,139.15,-399.9,-106.05,-293.3,-346.05,-209.25,-251.2,313.2,17.1,184.16,-324.9,-132.3,-244.42,343.5,2.7,104.06,295.2,29.1,111.8,-302.4,-265.5,-256.04,271.95,18.45,216.35,-373.65,-112.65,-264.51,-328.95,-124.95,-252.16,336.15,-81.9,114.95,-345.45,-168.3,-184.4,344.55,-26.1,193.36
370.95,-22.8,148.35,-362.55,-127.05,-294.76,327.15,-4.5,138.42,-401.4,-104.7,-295.48,-346.8,-209.25,-251.92,312.6,16.05,183.92,-323.85,-132.0,-243.45,344.55,3.6,102.61,295.8,29.25,110.59,-300.9,-264.75,-255.55,271.95,19.5,212.96,-375.15,-113.7,-264.51,-328.95,-126.9,-251.92,334.95,-81.6,114.95,-344.25,-168.3,-186.82,343.95,-26.1,192.15
371.7,-23.1,146.41,-361.5,-127.35,-293.79,327.3,-4.95,139.39,-400.2,-104.55,-293.3,-347.25,-208.5,-250.95,312.6,15.75,184.65,-323.25,-132.6,-244.9,343.65,3.45,104.3,294.9,29.85,109.87,-302.25,-265.2,-256.76,271.2,20.1,216.59,-375.0,-113.7,-264.99,-329.55,-126.15,-251.2,336.0,-79.95,116.16,-344.4,-167.25,-185.37,343.65,-26.4,193.84
371.55,-22.8,145.68,-361.35,-126.75,-293.55,327.15,-4.35,139.63,-399.9,-104.85,-293.3,-346.35,-209.55,-251.2,310.05,15.9,185.61,-322.5,-133.5,-244.18,343.95,2.55,103.82,295.65,29.85,110.11,-302.4,-265.35,-256.52,271.8,20.1,214.17,-375.0,-113.1,-264.26,-329.25,-125.55,-251.92,336.3,-80.7,116.16,-345.6,-168.15,-185.37,345.0,-26.4,194.08
370.65,-23.4,147.14,-361.35,-126.45,-293.55,326.25,-5.25,137.46,-399.6,-104.85,-294.27,-345.6,-209.1,-251.2,312.75,15.6,183.19,-323.55,-132.3,-243.69,342.0,3.3,103.09,295.35,29.55,110.59,-301.65,-266.4,-257.49,272.55,19.8,214.9,-374.55,-112.8,-264.99,-328.5,-125.85,-252.41,335.1,-81.15,115.92,-344.55,-167.25,-185.13,344.1,-26.55,194.33
371.1,-23.4,145.93,-362.55,-127.05,-293.79,325.5,-4.35,139.15,-400.8,-105.15,-295.48,-346.05,-209.7,-250.95,312.3,14.25,185.86,-322.8,-132.15,-244.66,343.8,3.3,104.06,295.5,29.7,110.59,-301.35,-265.2,-258.21,271.65,19.65,217.32,-374.85,-112.95,-264.99,-329.55,-126.6,-251.68,335.4,-80.25,114.95,-344.25,-168.3,-185.37,344.55,-27.9,192.63
370.95,-22.8,146.89,-361.2,-126.0,-296.21,325.65,-4.05,138.91,-399.0,-105.45,-294.27,-346.8,-209.25,-250.71,312.45,16.35,183.44,-323.25,-133.05,-244.18,344.4,3.3,102.85,295.2,29.85,108.42,-301.8,-264.15,-256.28,271.95,19.2,216.11,-375.75,-112.8,-264.51,-329.7,-126.0,-253.37,334.95,-80.4,115.43,-344.55,-167.55,-184.16,344.25,-27.3,194.08
370.5,-22.65,147.86,-362.1,-127.2,-295.0,327.0,-4.8,137.94,-399.3,-106.65,-295.72,-345.9,-209.7,-252.16,312.0,15.45,184.65,-323.4,-133.35,-243.45,343.8,3.45,104.06,295.8,30.6,109.87,-302.85,-265.5,-257.49,271.5,19.8,216.11,-375.6,-113.4,-265.47,-328.5,-126.3,-253.13,335.85,-80.7,115.19,-346.2,-167.7,-184.65,344.4,-25.5,193.6
371.4,-23.1,144.96,-361.5,-127.8,-295.72,327.15,-4.35,137.7,-400.35,-105.0,-293.79,-345.45,-208.5,-251.44,312.45,15.9,184.16,-323.4,-133.35,-243.94,344.1,3.6,103.82,295.65,29.85,110.59,-301.35,-265.65,-256.52,271.65,19.95,216.35,-374.55,-112.8,-263.54,-329.85,-125.55,-252.41,335.4,-80.85,114.95,-345.3,-168.0,-183.92,343.35,-26.1,193.36
371.4,-22.95,148.1,-362.25,-127.2,-295.24,327.3,-4.5,139.15,-399.45,-105.3,-292.58,-345.9,-209.4,-250.95,312.15,15.45,182.95,-322.8,-132.45,-244.42,343.65,3.45,104.3,295.05,29.7,109.87,-301.2,-265.05,-257.0,270.6,19.2,214.65,-374.85,-113.1,-264.99,-329.4,-126.15,-251.68,335.55,-80.55,115.19,-345.0,-167.7,-183.44,342.6,-26.1,192.87
370.95,-22.95,146.89,-362.1,-126.45,-294.51,325.65,-5.4,139.63,-399.15,-106.5,-291.85,-346.35,-208.8,-252.41,311.55,16.2,182.47,-323.1,-131.7,-243.69,343.8,2.55,103.09,295.35,29.85,111.32,-301.2,-266.4,-256.04,272.55,20.1,216.11,-375.9,-113.1,-264.99,-329.1,-125.7,-252.65,336.0,-79.95,116.4,-344.7,-168.3,-182.95,346.05,-25.95,193.36
371.25,-24.0,147.38,-361.65,-127.35,-295.24,327.3,-3.75,136.73,-400.65,-103.5,-293.79,-346.8,-208.95,-251.44,311.55,15.45,183.92,-323.55,-132.75,-245.87,345.45,3.45,103.09,295.35,28.95,109.63,-301.95,-264.9,-257.97,271.65,19.05,214.65,-374.55,-113.55,-264.02,-329.7,-126.3,-251.92,335.25,-79.8,115.19,-345.15,-168.3,-183.92,343.95,-25.95,193.6
370.65,-23.1,146.17,-362.25,-125.85,-294.76,325.8,-4.5,138.42,-399.45,-104.85,-294.27,-345.75,-208.95,-250.47,312.45,15.6,183.92,-322.95,-133.05,-244.18,344.85,3.75,102.85,295.35,29.25,110.11,-301.35,-265.05,-258.7,271.8,20.1,217.07,-375.0,-112.8,-264.51,-328.2,-126.15,-251.68,336.15,-81.75,116.16,-344.55,-169.2,-186.34,343.8,-27.0,193.6
371.25,-23.4,146.89,-362.25,-126.0,-293.79,326.85,-4.35,138.18,-400.8,-104.4,-293.79,-346.5,-208.65,-250.47,312.6,15.75,185.61,-322.5,-132.15,-245.15,344.55,3.3,103.33,295.65,29.7,112.53,-301.8,-264.6,-257.25,271.65,19.2,215.86,-374.85,-113.55,-264.75,-329.85,-126.15,-252.16,335.55,-80.7,114.95,-344.85,-167.4,-184.65,344.4,-26.1,193.12
370.65,-22.8,146.89,-361.8,-127.05,-294.27,325.8,-4.05,139.88,-399.75,-105.6,-294.03,-345.3,-208.35,-252.16,311.4,15.0,184.89,-324.45,-133.2,-244.9,344.1,4.05,104.06,295.5,30.0,110.84,-301.35,-264.45,-257.49,270.9,18.6,216.59,-375.45,-112.5,-264.51,-329.85,-126.45,-253.37,336.3,-81.0,115.19,-345.45,-169.35,-183.92,343.8,-26.85,192.63
