369.75,-26.1,154.15,-363.6,-125.1,-281.93,324.9,5.7,151.73,-399.9,-89.25,-295.97,-343.05,-213.3,-243.45,313.65,14.25,194.08,-328.35,-123.0,-229.9,339.0,15.75,103.58,298.65,27.9,113.74,-296.1,-265.95,-251.44,287.85,27.15,236.68,-370.05,-104.4,-255.31,-326.25,-125.85,-250.71,338.7,-79.35,118.34,-340.2,-164.85,-181.5,343.8,-19.65,192.15
370.65,-25.2,155.61,-363.3,-127.5,-280.72,324.3,4.95,151.73,-399.75,-88.2,-294.76,-343.5,-212.55,-244.18,314.55,14.7,194.81,-328.35,-122.85,-227.96,340.35,17.55,102.61,298.5,28.5,115.68,-297.6,-265.95,-250.95,286.8,28.5,237.16,-368.85,-105.0,-255.31,-326.25,-126.45,-250.71,338.55,-79.65,117.61,-341.25,-164.1,-182.47,343.8,-21.15,193.84
370.05,-26.1,153.67,-362.85,-127.05,-281.2,324.0,5.25,150.28,-399.75,-90.0,-296.69,-342.75,-212.7,-244.18,314.25,14.4,193.84,-328.05,-122.7,-229.42,340.05,17.85,103.58,298.05,26.85,114.22,-295.5,-265.5,-251.92,288.15,26.7,237.16,-368.4,-104.7,-255.31,-325.95,-125.85,-249.02,338.4,-78.6,116.4,-342.15,-164.4,-181.74,343.35,-20.4,194.08
369.75,-25.8,154.15,-362.4,-126.6,-281.45,323.55,5.7,151.73,-399.75,-89.55,-293.3,-343.05,-212.55,-244.42,314.55,14.25,194.08,-328.05,-123.0,-227.24,339.9,17.4,102.85,299.1,28.05,113.26,-296.85,-265.95,-250.95,287.55,27.0,237.89,-367.95,-105.3,-257.0,-325.5,-126.45,-251.2,338.1,-79.95,116.89,-340.05,-165.45,-181.5,344.25,-21.45,194.57
371.55,-27.9,154.4,-362.7,-127.8,-281.69,323.25,4.95,151.01,-399.3,-88.95,-294.76,-343.95,-212.7,-244.9,313.8,14.7,194.08,-327.3,-122.7,-229.66,340.35,18.0,102.61,298.35,26.55,114.95,-295.05,-265.05,-250.95,288.15,27.3,236.43,-369.3,-105.6,-254.83,-326.1,-126.15,-250.71,338.55,-79.65,116.64,-341.25,-165.75,-182.23,344.4,-20.25,191.66
369.9,-27.0,153.43,-363.15,-127.2,-281.2,323.85,5.7,152.7,-398.7,-89.25,-294.03,-342.9,-212.1,-245.15,315.15,15.9,194.81,-328.5,-122.7,-228.69,340.8,16.35,104.79,298.65,28.2,115.68,-296.25,-265.8,-252.65,288.15,28.05,237.89,-367.8,-106.2,-255.07,-325.65,-126.3,-250.23,338.4,-79.35,118.58,-341.85,-164.55,-182.23,343.35,-19.95,193.12
369.6,-26.55,154.15,-361.95,-127.65,-281.45,324.15,5.4,151.49,-399.15,-89.1,-295.97,-342.9,-212.4,-243.21,313.8,15.3,193.6,-327.15,-123.3,-229.9,339.0,18.75,102.12,297.6,27.9,113.98,-295.65,-265.95,-251.2,288.6,28.2,238.13,-369.3,-104.7,-256.76,-325.5,-126.6,-250.71,339.6,-80.1,117.37,-340.5,-164.55,-182.71,344.85,-20.25,193.12
370.2,-26.85,153.19,-363.15,-126.9,-281.69,323.85,5.85,152.7,-400.05,-88.8,-294.03,-343.35,-212.1,-244.42,313.5,14.25,193.12,-327.9,-123.6,-228.69,339.9,18.15,103.09,297.9,28.2,114.47,-294.9,-265.2,-252.41,287.1,28.05,236.43,-368.4,-105.9,-256.04,-325.8,-127.05,-249.99,338.25,-80.4,117.13,-341.7,-164.7,-181.26,343.95,-20.55,192.15
369.9,-27.6,153.67,-362.25,-126.3,-282.66,324.15,6.75,151.01,-399.75,-89.1,-295.97,-343.35,-211.95,-244.9,314.55,14.1,195.29,-328.35,-122.7,-229.9,339.15,18.6,100.91,299.1,27.45,113.98,-295.5,-265.95,-250.47,287.25,28.65,236.92,-368.55,-105.45,-253.86,-326.4,-126.45,-250.47,339.45,-80.4,118.34,-340.65,-163.8,-182.47,344.85,-20.4,192.39
369.75,-26.4,153.19,-362.25,-126.15,-281.69,323.55,5.85,151.49,-398.85,-89.7,-295.48,-343.5,-212.1,-242.97,314.1,15.15,194.57,-327.0,-122.25,-231.11,338.85,17.1,103.82,297.9,29.1,113.01,-296.4,-264.0,-251.68,287.25,27.0,237.4,-368.4,-104.25,-255.31,-325.5,-126.75,-249.74,337.8,-80.25,118.1,-341.25,-164.1,-182.23,344.85,-20.7,192.15
369.75,-26.85,154.4,-363.15,-126.45,-282.66,324.0,6.45,152.46,-399.6,-88.95,-293.3,-342.9,-212.25,-246.11,313.8,15.45,194.08,-327.75,-123.15,-228.93,339.9,17.85,104.06,299.25,28.5,113.01,-296.25,-265.35,-250.71,288.15,27.6,236.19,-370.2,-105.45,-253.86,-326.4,-125.7,-250.23,339.75,-80.1,116.16,-340.8,-164.25,-183.68,343.35,-20.7,190.94
370.05,-25.95,153.19,-363.0,-126.9,-281.93,324.45,4.8,152.7,-400.65,-89.7,-295.48,-343.35,-212.25,-244.9,314.1,14.7,193.84,-327.6,-121.8,-228.45,338.85,16.95,103.82,298.5,28.2,113.74,-295.8,-264.6,-251.44,287.25,28.95,237.16,-368.55,-105.75,-256.04,-325.5,-126.45,-249.74,339.0,-80.7,118.1,-340.95,-164.25,-182.47,343.65,-21.3,193.36
370.5,-26.25,153.91,-362.55,-126.6,-283.14,323.85,5.55,151.01,-401.4,-90.45,-295.0,-343.95,-211.05,-244.9,313.8,15.0,194.08,-327.6,-123.15,-227.96,339.9,17.7,103.58,299.1,29.1,114.22,-295.65,-265.5,-253.37,286.5,27.9,237.64,-368.25,-106.05,-255.31,-326.25,-125.1,-249.99,338.55,-79.35,119.06,-340.95,-164.1,-181.26,343.5,-21.0,192.63
369.75,-25.2,154.15,-362.55,-126.9,-282.41,323.1,5.7,152.7,-400.05,-90.0,-294.27,-343.8,-212.4,-243.69,314.7,14.55,196.26,-327.9,-123.15,-227.72,339.6,18.0,102.61,298.65,28.5,114.71,-297.0,-265.05,-252.16,286.65,27.3,236.68,-367.95,-106.05,-255.07,-325.95,-126.15,-250.95,339.3,-80.1,118.58,-340.5,-163.95,-182.95,343.8,-20.55,193.84
370.05,-26.25,152.46,-363.15,-126.6,-281.2,323.7,5.55,150.52,-398.7,-90.15,-294.03,-342.6,-211.8,-244.66,313.8,15.3,194.57,-328.2,-122.55,-227.96,340.5,17.1,103.33,297.3,28.8,113.26,-295.95,-264.9,-249.99,287.25,28.35,236.92,-367.65,-105.3,-255.31,-325.95,-125.55,-251.2,338.25,-79.5,118.34,-339.9,-163.2,-180.77,343.65,-19.95,193.12
370.8,-26.1,153.91,-363.0,-127.05,-282.66,323.7,5.55,152.7,-399.9,-87.9,-294.76,-343.35,-211.8,-244.18,314.85,14.85,194.57,-327.9,-121.65,-229.42,339.45,17.25,102.61,298.5,27.6,114.71,-296.25,-265.65,-249.74,287.1,27.75,238.13,-368.85,-104.4,-255.79,-326.4,-126.45,-250.23,338.7,-82.05,116.4,-339.75,-163.8,-181.98,344.55,-21.0,192.15
369.9,-25.65,153.19,-363.3,-127.2,-280.96,323.4,5.1,151.49,-399.3,-89.4,-293.55,-344.1,-210.45,-243.21,315.0,14.1,193.84,-327.45,-123.0,-228.45,339.15,16.8,103.58,298.5,29.25,113.74,-296.85,-265.2,-250.71,287.1,27.9,237.16,-368.4,-106.35,-254.83,-326.4,-126.6,-249.26,339.6,-78.15,115.19,-340.95,-164.55,-181.74,344.55,-20.85,193.36
369.3,-26.55,152.7,-363.3,-126.9,-282.9,324.45,4.5,152.22,-398.85,-89.25,-294.51,-343.5,-211.95,-245.39,313.95,13.65,194.57,-328.35,-122.7,-228.69,340.2,17.4,102.12,298.95,29.25,113.01,-297.15,-264.9,-251.44,287.1,27.3,236.43,-368.4,-106.35,-255.07,-326.25,-125.1,-249.26,338.4,-81.3,116.64,-340.2,-163.8,-181.02,344.25,-20.55,194.08
368.4,-26.55,154.88,-362.55,-127.35,-282.41,324.3,6.45,151.25,-399.75,-90.15,-295.48,-343.35,-211.65,-245.15,313.8,14.1,195.29,-327.75,-123.3,-228.45,339.6,16.8,103.33,298.35,27.9,114.95,-295.8,-265.65,-250.47,287.55,27.75,237.89,-369.0,-106.5,-255.79,-326.7,-126.45,-250.47,338.1,-78.75,117.85,-341.7,-164.1,-181.26,343.65,-21.0,193.6
370.05,-26.55,154.4,-362.25,-127.95,-280.96,323.25,5.25,151.73,-400.8,-90.9,-294.27,-342.6,-211.65,-245.15,313.8,14.4,195.05,-327.6,-122.7,-229.17,340.2,17.55,105.51,298.2,28.65,113.5,-295.5,-264.75,-252.89,287.25,27.3,235.47,-368.55,-105.3,-255.31,-326.25,-126.15,-249.26,339.15,-79.95,118.82,-341.25,-163.65,-181.26,343.65,-21.3,191.42
369.6,-26.25,154.64,-362.7,-128.1,-282.41,324.0,5.85,150.52,-399.0,-89.25,-294.76,-343.05,-212.85,-245.63,314.85,14.7,193.6,-326.85,-123.3,-229.66,339.6,17.4,102.61,298.35,26.7,113.74,-296.25,-265.05,-250.95,287.7,28.05,237.16,-368.55,-104.7,-255.55,-326.1,-127.65,-250.23,339.45,-79.8,116.64,-340.8,-164.25,-182.95,344.1,-20.85,191.42
370.65,-27.9,153.19,-364.2,-127.2,-282.17,323.85,5.7,151.98,-399.45,-89.25,-294.76,-342.6,-211.2,-243.21,314.7,13.95,193.36,-327.15,-122.25,-227.48,339.0,18.45,103.33,298.5,26.7,113.26,-295.65,-264.3,-250.23,288.0,26.7,236.43,-368.1,-105.75,-256.52,-326.4,-126.45,-250.47,339.45,-78.75,116.89,-340.5,-164.55,-182.23,343.8,-21.0,193.12
369.15,-26.4,153.19,-361.8,-126.45,-281.2,323.85,6.0,152.22,-399.3,-90.15,-294.51,-343.2,-212.25,-244.42,313.35,14.1,192.87,-327.6,-122.25,-229.42,340.05,16.95,103.33,298.8,27.45,113.74,-296.4,-265.05,-249.74,288.0,27.45,237.64,-369.15,-106.05,-255.31,-326.25,-126.75,-250.47,339.15,-79.95,117.13,-340.5,-164.1,-182.71,344.25,-20.25,192.39
369.9,-25.65,153.91,-362.85,-127.5,-282.66,324.3,6.75,151.98,-400.2,-90.45,-295.72,-343.65,-212.4,-244.66,314.4,14.4,194.08,-327.3,-122.25,-228.93,339.45,18.45,103.33,298.8,27.75,113.5,-295.95,-264.9,-252.16,287.4,27.6,236.43,-368.85,-105.75,-256.28,-325.95,-125.85,-249.5,338.85,-80.85,117.13,-340.35,-164.25,-182.47,344.4,-21.0,193.36
369.45,-26.85,153.43,-364.05,-127.8,-280.48,324.6,5.85,151.73,-399.75,-89.1,-295.97,-344.1,-213.0,-243.21,314.55,14.7,194.08,-329.1,-121.8,-227.96,338.4,16.8,103.58,298.8,27.75,114.47,-295.65,-265.95,-252.16,287.1,27.15,237.64,-367.65,-105.75,-255.07,-327.3,-127.35,-250.47,338.85,-79.8,118.82,-340.35,-164.25,-181.26,344.4,-21.0,192.39
369.9,-24.9,154.64,-363.0,-126.45,-282.41,323.25,5.4,150.77,-399.15,-89.7,-294.27,-344.7,-211.95,-243.94,315.0,14.85,195.29,-327.45,-123.0,-227.0,338.55,18.0,104.06,298.2,27.9,112.53,-295.95,-264.75,-252.89,286.95,27.75,235.95,-369.6,-105.45,-256.04,-326.85,-125.7,-249.26,338.55,-80.4,117.61,-340.8,-163.8,-182.47,344.7,-19.95,192.39
369.75,-25.95,154.15,-362.55,-126.75,-281.45,324.45,6.15,151.98,-399.45,-89.4,-294.27,-343.8,-211.2,-243.94,314.4,14.4,194.57,-329.25,-122.4,-229.17,339.45,17.25,102.85,298.05,29.1,114.22,-295.8,-265.35,-251.2,287.25,27.75,237.16,-368.7,-104.85,-255.79,-325.35,-126.0,-249.02,339.15,-80.25,117.13,-341.25,-164.25,-182.71,343.95,-20.7,192.15
369.9,-25.2,154.64,-362.1,-127.05,-281.69,324.0,5.85,152.7,-399.75,-90.45,-294.76,-343.35,-213.45,-244.66,314.25,14.55,194.33,-328.65,-123.45,-228.93,340.2,17.55,104.3,297.9,28.65,114.47,-295.65,-264.45,-251.2,286.95,28.35,238.13,-368.1,-105.9,-254.34,-326.4,-125.85,-250.71,339.0,-80.25,117.37,-341.4,-164.1,-181.02,344.55,-21.0,191.66
369.6,-26.55,153.91,-363.0,-126.75,-281.45,323.25,6.45,150.77,-400.5,-88.95,-294.51,-343.2,-211.95,-244.66,314.7,14.7,195.54,-327.6,-123.0,-229.66,338.55,17.55,104.3,297.15,28.95,114.95,-297.15,-264.3,-251.44,288.45,28.95,237.89,-369.0,-106.65,-255.31,-326.55,-125.85,-249.5,339.45,-79.05,117.85,-340.05,-162.9,-182.71,343.8,-21.0,192.63
369.15,-27.0,153.91,-363.45,-125.4,-281.69,323.4,5.4,151.98,-399.75,-89.85,-295.72,-343.65,-211.8,-244.42,313.2,15.3,195.78,-326.85,-122.1,-229.17,338.25,16.65,105.03,298.8,27.75,113.5,-296.55,-267.0,-250.71,286.8,27.6,238.61,-367.95,-106.35,-254.83,-326.1,-125.55,-251.44,339.0,-79.95,117.13,-340.8,-164.55,-181.26,344.4,-20.1,193.84
368.85,-27.3,153.91,-363.15,-127.8,-281.93,323.7,5.55,151.25,-399.3,-89.1,-295.24,-343.05,-213.0,-243.94,313.5,15.3,195.29,-328.35,-122.85,-229.17,339.15,17.55,101.88,298.35,27.6,115.19,-296.25,-264.9,-252.16,288.15,27.9,235.95,-369.15,-105.15,-255.31,-324.9,-126.6,-250.47,338.55,-81.3,117.61,-340.95,-164.7,-181.26,342.75,-20.7,191.91
369.75,-26.4,154.64,-363.15,-127.05,-281.69,322.95,6.0,151.25,-399.6,-89.55,-294.76,-342.75,-212.1,-242.97,315.3,15.75,195.05,-326.55,-123.3,-228.45,339.45,17.25,104.3,298.05,28.8,115.19,-296.7,-265.2,-251.2,286.95,28.35,238.13,-368.4,-105.0,-255.79,-325.8,-125.85,-249.99,338.4,-80.1,117.61,-342.15,-164.7,-182.95,343.95,-20.55,190.94
370.5,-26.7,155.36,-363.3,-126.0,-280.24,323.55,6.3,151.73,-400.8,-89.1,-294.27,-344.25,-211.65,-244.66,313.95,15.0,194.33,-327.75,-123.0,-227.72,339.0,18.45,103.58,297.9,28.05,113.74,-296.55,-266.4,-248.78,287.85,28.35,237.4,-369.45,-105.3,-254.83,-324.6,-126.3,-249.74,338.25,-79.95,118.1,-341.4,-164.4,-182.23,344.25,-21.0,193.12
369.9,-26.25,153.91,-363.15,-127.5,-281.2,324.15,5.7,152.22,-399.3,-90.75,-296.45,-343.95,-211.8,-244.9,314.85,14.85,194.08,-328.65,-122.85,-230.38,340.2,16.8,104.06,297.45,28.35,113.74,-296.25,-263.85,-251.2,287.1,27.6,237.64,-369.3,-104.7,-255.31,-325.5,-126.45,-249.5,337.95,-80.1,117.61,-340.95,-164.4,-182.95,343.8,-20.85,192.39
369.75,-26.4,153.19,-363.3,-127.65,-282.17,324.9,4.95,152.22,-399.3,-89.55,-295.24,-343.05,-212.55,-244.42,315.15,15.15,194.33,-328.5,-122.85,-229.9,339.3,18.3,102.61,298.2,27.45,114.95,-295.8,-264.45,-251.68,288.15,28.95,236.92,-367.5,-105.75,-254.83,-326.4,-124.8,-249.99,340.05,-80.25,117.37,-340.2,-165.3,-180.77,343.95,-20.1,194.08
370.2,-26.25,153.43,-363.15,-127.5,-281.69,324.0,5.1,151.49,-399.75,-89.55,-295.24,-343.5,-212.4,-244.42,314.4,13.2,193.12,-327.9,-123.15,-229.17,340.35,17.4,104.06,298.2,27.75,113.98,-297.0,-265.95,-250.71,287.4,27.75,237.64,-368.55,-105.9,-254.58,-325.65,-126.15,-249.99,339.6,-79.8,117.61,-341.25,-164.4,-182.47,343.65,-21.3,193.12
370.95,-26.25,154.15,-362.1,-127.5,-283.14,323.85,6.0,152.94,-399.9,-90.6,-295.48,-344.25,-211.95,-244.42,314.1,15.6,194.81,-327.6,-122.4,-228.45,339.3,17.55,103.58,298.8,27.9,114.47,-295.8,-265.35,-250.71,288.75,27.3,235.95,-368.55,-105.9,-255.55,-326.1,-126.15,-249.99,338.1,-80.4,118.34,-342.15,-164.7,-180.77,342.45,-21.0,191.91
370.8,-25.5,152.46,-363.15,-126.9,-281.2,323.7,5.4,150.04,-399.6,-89.1,-296.45,-343.2,-211.8,-243.21,313.95,14.4,194.81,-328.05,-122.1,-229.42,339.9,17.4,103.09,298.5,28.2,113.01,-295.8,-265.05,-251.68,287.55,27.6,237.64,-368.7,-106.65,-253.62,-327.0,-127.65,-249.02,339.75,-78.9,117.37,-341.25,-164.85,-181.74,344.25,-20.25,192.39
369.9,-26.85,152.22,-363.45,-126.3,-280.72,324.0,6.0,150.28,-399.9,-89.25,-296.45,-344.7,-211.05,-244.66,313.95,15.45,195.29,-328.2,-123.3,-229.9,339.9,17.7,102.61,298.35,28.8,113.5,-295.5,-265.2,-249.99,288.0,27.75,236.92,-367.65,-105.6,-255.55,-325.95,-127.05,-250.23,338.7,-79.35,115.92,-340.5,-164.25,-181.5,344.55,-21.0,193.12
371.1,-26.25,153.43,-362.4,-126.75,-282.66,323.55,5.7,151.73,-400.5,-90.6,-295.48,-343.2,-213.3,-244.18,314.4,14.25,194.81,-327.6,-122.85,-227.96,339.0,18.9,102.85,297.6,27.75,114.95,-298.2,-265.95,-251.2,286.8,27.3,236.43,-367.8,-106.05,-255.55,-327.3,-126.15,-250.23,339.3,-79.35,118.1,-340.65,-163.65,-181.98,343.95,-20.85,191.91
370.35,-26.4,156.57,-363.3,-126.3,-282.41,323.7,5.7,151.01,-399.6,-89.85,-295.97,-344.1,-213.0,-243.94,315.15,14.55,194.08,-327.15,-123.15,-227.48,340.2,16.65,104.3,297.3,28.5,114.47,-295.05,-265.2,-250.47,285.6,27.75,236.68,-369.3,-105.45,-254.58,-326.4,-125.55,-249.74,338.25,-80.7,116.89,-340.2,-165.3,-182.95,344.25,-20.25,191.66
370.35,-27.15,152.94,-362.7,-126.6,-280.48,325.05,6.15,152.7,-399.45,-90.45,-293.79,-343.5,-212.1,-244.18,315.75,15.75,194.57,-327.9,-123.0,-230.63,340.35,17.25,102.85,298.35,27.9,114.71,-296.4,-265.8,-252.89,287.1,26.85,237.4,-369.6,-105.6,-254.58,-325.65,-126.75,-250.23,339.6,-79.95,117.85,-340.35,-163.5,-181.98,343.65,-20.85,193.12
368.7,-25.95,152.7,-362.85,-127.05,-282.17,324.6,6.15,151.49,-400.05,-89.55,-295.97,-342.3,-211.95,-243.94,315.0,14.7,193.36,-328.2,-123.0,-229.17,339.3,15.9,102.85,299.55,27.45,114.47,-295.2,-264.75,-252.16,288.9,27.75,236.68,-368.85,-105.75,-254.1,-325.5,-127.35,-249.02,339.75,-81.0,117.85,-340.95,-163.95,-183.44,344.25,-20.4,192.63
370.5,-27.45,154.64,-363.0,-126.75,-280.48,323.55,5.7,153.43,-400.35,-89.55,-294.76,-343.35,-211.5,-244.66,314.85,15.15,194.33,-328.05,-123.15,-228.93,339.45,18.15,104.79,298.5,27.75,115.68,-295.8,-265.35,-248.53,286.95,28.05,238.13,-368.55,-105.45,-256.04,-325.5,-126.6,-249.5,338.7,-79.95,117.37,-340.8,-163.5,-181.26,344.25,-21.15,192.63
370.35,-27.6,152.7,-362.4,-126.45,-281.69,323.85,5.1,151.73,-399.9,-90.0,-296.69,-343.65,-212.25,-244.9,313.8,14.4,196.02,-328.5,-123.0,-231.35,339.15,18.6,102.61,298.35,27.75,113.74,-296.25,-265.95,-252.41,288.3,27.75,235.95,-367.95,-106.05,-254.1,-326.7,-126.15,-250.23,339.0,-79.8,118.34,-340.8,-164.1,-181.98,344.1,-20.4,192.87
370.2,-27.0,154.4,-362.25,-126.6,-282.66,324.75,5.7,152.94,-400.5,-89.85,-296.93,-343.35,-211.5,-242.97,313.5,14.4,193.84,-327.75,-123.3,-228.45,340.05,17.1,102.85,297.9,27.45,115.92,-295.05,-265.35,-251.68,286.5,27.3,235.71,-369.0,-105.15,-257.0,-326.55,-126.75,-250.23,339.15,-79.05,117.37,-341.1,-163.5,-182.47,343.95,-19.8,193.6
369.45,-26.25,153.91,-362.4,-126.45,-281.93,324.15,4.95,151.73,-399.75,-90.45,-295.0,-343.65,-212.1,-243.21,314.25,15.45,194.33,-327.6,-122.25,-229.42,339.9,16.8,104.54,297.6,26.85,114.47,-295.95,-264.6,-252.89,287.25,28.05,236.43,-369.75,-105.15,-255.79,-325.8,-125.25,-250.71,339.9,-79.8,116.16,-341.4,-163.8,-182.23,343.65,-21.0,190.94
370.5,-26.25,154.4,-363.0,-127.05,-282.66,323.25,5.7,151.25,-400.2,-89.1,-295.72,-343.2,-212.4,-244.18,314.85,13.95,194.57,-327.75,-122.7,-227.72,338.55,17.7,102.37,297.45,28.65,114.71,-295.05,-265.65,-251.2,288.15,28.65,238.85,-367.65,-106.05,-254.83,-325.95,-126.75,-248.29,338.1,-79.8,117.85,-341.55,-163.35,-182.71,344.25,-20.1,193.12
370.95,-26.1,151.98,-364.35,-127.8,-282.9,324.15,6.3,150.77,-398.7,-90.3,-295.0,-343.5,-211.2,-243.94,313.95,14.7,193.36,-328.2,-123.0,-228.93,339.9,17.85,104.54,298.35,28.35,115.19,-296.7,-264.9,-250.95,287.1,27.9,236.19,-368.7,-105.75,-254.34,-326.7,-126.3,-250.71,338.4,-80.55,117.85,-341.55,-164.25,-182.23,343.35,-20.55,193.36
369.9,-25.95,153.43,-363.45,-126.75,-281.93,323.1,5.25,151.73,-399.75,-89.1,-294.27,-343.35,-212.25,-245.63,314.55,15.3,193.12,-327.0,-123.3,-227.96,340.05,16.95,103.82,299.55,28.5,113.98,-296.1,-264.15,-251.44,287.25,27.6,237.4,-368.85,-106.5,-254.83,-326.7,-126.75,-249.74,339.45,-80.1,118.58,-341.7,-163.95,-182.47,344.7,-20.55,195.78
