386.1,-44.7,133.34,-352.2,-155.1,-286.04,328.2,-22.5,167.95,-398.7,-104.4,-261.36,-337.65,-235.65,-277.57,321.3,-15.75,181.26,-317.55,-150.45,-216.59,359.7,-0.6,127.29,285.0,10.5,88.81,-297.15,-291.15,-265.47,294.6,5.7,239.1,-366.45,-122.7,-257.25,-328.35,-131.85,-256.76,335.7,-96.6,110.11,-337.5,-179.25,-180.53,352.65,-33.3,197.71
386.1,-45.3,132.37,-352.5,-156.75,-287.74,329.1,-22.8,166.98,-398.4,-105.15,-263.05,-337.95,-236.4,-278.3,321.6,-15.75,180.77,-314.85,-151.65,-218.53,359.1,0.15,128.26,285.75,10.95,88.33,-297.6,-290.4,-264.99,295.8,4.2,240.79,-366.45,-123.15,-257.73,-328.2,-132.15,-255.07,337.05,-97.5,110.84,-337.65,-180.15,-181.5,352.5,-32.7,196.5
386.1,-44.4,131.65,-353.55,-155.1,-286.77,328.2,-22.05,167.71,-399.3,-105.45,-260.15,-338.25,-235.2,-278.54,321.75,-15.75,180.77,-316.95,-150.6,-216.83,359.55,-0.3,128.5,285.75,12.15,88.09,-297.6,-290.7,-266.44,295.65,4.05,239.82,-365.7,-123.75,-257.49,-328.05,-131.7,-255.55,335.55,-96.0,108.66,-338.1,-180.0,-183.68,351.6,-33.75,198.2
385.95,-45.45,133.1,-352.8,-155.55,-287.25,327.75,-21.3,168.43,-397.8,-104.4,-259.91,-338.7,-236.4,-278.3,321.9,-15.45,181.5,-315.9,-150.0,-218.04,360.0,0.0,128.26,284.7,11.7,90.99,-297.9,-290.85,-266.2,295.2,4.2,241.03,-364.8,-122.25,-258.94,-328.05,-132.15,-255.79,336.15,-97.2,110.11,-337.5,-180.75,-181.74,352.35,-33.0,198.2
385.2,-46.35,133.34,-352.35,-154.65,-286.29,327.45,-23.1,167.46,-397.65,-104.55,-261.36,-339.75,-234.0,-278.3,321.0,-15.45,181.26,-316.2,-150.6,-219.01,359.55,0.15,129.71,285.6,11.7,88.09,-297.6,-288.6,-264.26,294.75,5.4,241.27,-366.0,-122.7,-257.25,-327.0,-131.85,-256.76,337.05,-97.05,109.87,-337.65,-180.0,-181.26,351.45,-33.45,197.47
386.4,-45.6,132.13,-353.55,-154.65,-286.29,327.6,-21.45,166.74,-397.35,-105.0,-261.36,-338.1,-236.7,-278.54,322.05,-15.3,182.47,-316.65,-150.75,-219.01,359.55,-0.9,128.5,286.05,11.55,90.51,-298.8,-290.1,-266.93,294.75,4.5,242.24,-366.15,-122.25,-257.97,-327.15,-131.1,-256.04,337.5,-96.45,108.66,-337.2,-180.0,-183.68,352.2,-33.3,198.44
384.9,-45.45,133.1,-352.5,-156.45,-287.25,328.95,-21.75,166.98,-398.4,-104.1,-262.33,-339.3,-235.95,-278.3,323.25,-15.9,181.5,-315.9,-149.25,-218.28,359.85,0.75,128.74,284.7,11.25,88.09,-296.85,-291.45,-264.02,294.45,4.35,241.52,-366.3,-122.7,-258.94,-328.8,-131.55,-255.07,336.75,-96.75,108.66,-337.35,-180.9,-182.95,351.0,-34.05,197.71
384.9,-45.15,132.62,-352.95,-155.85,-286.04,328.05,-22.65,168.19,-399.3,-105.0,-261.84,-338.85,-235.65,-279.27,321.9,-17.4,181.5,-315.3,-150.3,-217.56,359.85,0.45,127.78,285.45,13.35,90.02,-297.9,-291.0,-264.26,296.25,4.95,242.0,-366.0,-122.55,-259.18,-327.15,-132.45,-255.79,335.85,-98.25,109.38,-337.8,-180.15,-181.98,351.9,-32.4,195.29
385.8,-45.0,133.1,-352.2,-155.55,-286.77,327.75,-22.65,167.71,-398.25,-105.75,-261.6,-338.25,-235.35,-278.54,321.6,-16.35,180.77,-317.25,-151.35,-217.32,358.65,0.15,128.74,284.85,11.85,89.54,-296.7,-290.7,-264.99,294.9,5.4,240.31,-366.45,-122.4,-257.97,-327.9,-132.9,-255.31,336.15,-97.35,108.66,-338.7,-181.35,-182.23,352.8,-33.75,199.17
384.45,-45.3,132.62,-352.35,-155.7,-286.04,327.6,-22.35,165.77,-398.4,-106.2,-263.05,-338.4,-236.25,-277.33,321.75,-15.6,180.05,-317.1,-150.15,-217.07,360.45,1.2,127.05,285.9,10.8,89.06,-296.7,-289.5,-265.47,294.6,4.65,240.79,-366.15,-123.15,-257.97,-327.3,-132.3,-254.34,336.75,-97.8,108.9,-338.1,-179.25,-183.19,351.3,-34.5,196.99
385.8,-45.6,134.31,-353.85,-155.7,-287.01,327.6,-21.6,166.01,-398.85,-104.55,-260.63,-337.8,-236.85,-277.57,322.05,-15.75,180.53,-315.75,-150.45,-219.25,359.7,-0.75,127.29,285.6,12.15,87.36,-298.8,-290.1,-263.05,295.05,3.6,241.52,-365.7,-122.7,-257.73,-327.45,-132.0,-256.28,336.45,-96.75,110.84,-337.5,-180.75,-182.23,352.2,-33.45,198.2
385.5,-45.15,134.31,-353.1,-154.5,-288.71,327.9,-22.2,168.19,-397.8,-105.9,-262.57,-337.8,-236.25,-278.3,322.95,-15.15,182.23,-316.2,-150.6,-217.56,360.45,-0.9,128.5,285.75,10.8,88.33,-298.35,-290.4,-265.96,295.35,5.1,239.82,-366.3,-123.0,-257.73,-328.05,-132.75,-255.79,335.55,-97.05,109.87,-336.9,-179.1,-182.95,351.15,-32.7,196.75
385.95,-46.95,132.37,-352.5,-156.0,-287.01,328.2,-22.65,168.67,-398.55,-104.25,-261.84,-337.8,-235.8,-277.09,323.25,-15.75,180.29,-315.9,-150.9,-217.8,359.7,0.3,127.78,285.45,11.1,88.33,-298.2,-290.85,-265.72,294.6,4.65,241.76,-365.4,-122.85,-258.46,-327.3,-131.7,-255.79,335.7,-96.3,109.63,-339.0,-180.3,-181.5,352.2,-33.6,196.5
384.9,-45.75,131.89,-352.2,-154.65,-286.53,328.5,-21.3,167.22,-398.7,-104.55,-262.57,-338.55,-236.1,-277.09,322.95,-14.85,181.02,-316.65,-150.6,-217.56,360.9,0.15,128.26,286.05,11.4,89.54,-297.75,-290.55,-265.23,295.35,4.5,240.55,-365.25,-123.0,-257.25,-327.45,-130.8,-256.52,336.15,-96.6,110.11,-337.65,-180.45,-184.16,352.95,-34.2,197.71
385.5,-45.45,133.34,-353.1,-156.15,-287.74,329.7,-22.65,168.43,-397.2,-103.5,-259.67,-337.05,-236.4,-276.85,322.8,-16.05,182.23,-316.05,-148.35,-216.11,360.15,-0.6,128.02,285.75,10.65,88.57,-298.5,-290.85,-264.75,294.15,4.95,239.58,-366.3,-122.25,-257.49,-327.6,-132.3,-255.79,336.75,-98.25,111.32,-337.95,-180.6,-183.19,352.95,-33.3,197.23
384.6,-45.45,133.1,-353.25,-154.5,-287.5,329.4,-23.1,168.67,-397.65,-104.25,-263.3,-337.95,-234.9,-277.82,322.95,-15.75,180.77,-317.7,-150.6,-216.35,359.7,-0.45,127.53,287.25,10.8,90.51,-297.3,-290.85,-266.2,295.2,5.55,240.06,-365.1,-121.65,-258.46,-327.15,-132.45,-255.07,336.3,-96.3,109.63,-337.95,-181.2,-182.71,351.6,-33.0,198.44
385.65,-45.6,133.83,-353.25,-155.55,-286.77,328.05,-22.35,167.22,-398.1,-104.7,-261.12,-338.7,-235.05,-277.09,322.35,-15.0,180.53,-316.8,-150.15,-218.53,358.95,0.3,128.74,285.9,10.95,89.54,-298.05,-291.0,-264.26,295.35,4.65,241.03,-366.45,-121.65,-260.15,-327.6,-132.3,-256.28,337.2,-96.6,108.42,-337.65,-180.75,-182.47,352.2,-33.9,198.44
386.25,-45.0,132.86,-352.35,-155.55,-286.04,328.35,-21.0,166.98,-398.7,-104.85,-263.05,-338.55,-237.0,-278.54,322.05,-15.6,181.5,-316.35,-151.35,-217.32,360.75,0.3,127.78,285.3,11.25,87.85,-297.9,-290.85,-265.72,294.75,4.95,241.52,-366.45,-121.8,-257.49,-328.2,-132.45,-256.76,336.9,-96.6,108.9,-337.8,-180.6,-180.77,351.3,-33.15,196.02
384.9,-44.1,134.07,-352.8,-154.95,-287.01,328.2,-21.9,167.95,-398.55,-104.4,-260.15,-338.7,-236.1,-278.3,322.5,-14.7,180.29,-316.35,-151.35,-216.59,358.8,-0.45,129.47,285.6,10.65,88.81,-297.6,-290.55,-265.23,295.35,4.95,240.31,-365.85,-122.7,-257.73,-327.6,-133.35,-257.25,336.3,-97.35,109.38,-338.55,-180.0,-181.74,352.65,-33.15,197.96
384.6,-46.05,132.62,-353.25,-155.25,-287.01,329.1,-22.35,168.19,-398.25,-104.55,-259.91,-337.35,-235.2,-278.54,322.65,-14.4,182.47,-316.35,-150.15,-218.04,360.75,-0.45,128.5,285.6,11.1,88.81,-297.45,-291.75,-264.75,295.5,4.2,241.52,-366.75,-123.0,-257.49,-328.5,-131.85,-255.79,336.0,-96.6,108.9,-337.95,-178.95,-182.71,353.1,-33.45,197.23
384.9,-45.15,133.1,-352.5,-155.7,-287.5,328.05,-22.8,168.67,-398.25,-104.85,-261.84,-338.1,-235.95,-278.06,322.5,-15.3,182.47,-316.95,-151.05,-217.56,359.7,-1.5,127.29,284.55,11.25,88.33,-296.85,-289.95,-265.96,295.05,5.1,241.76,-366.15,-122.85,-258.21,-328.5,-131.7,-256.52,336.3,-96.6,110.84,-337.95,-180.0,-183.44,352.2,-32.7,199.65
384.75,-45.45,131.65,-354.75,-156.0,-287.98,328.35,-21.3,167.22,-399.0,-104.85,-259.42,-338.4,-236.55,-276.12,322.05,-15.9,181.74,-316.2,-150.9,-219.01,359.85,0.15,128.02,284.85,10.8,88.81,-297.75,-292.5,-265.96,295.2,4.35,239.82,-364.2,-122.7,-257.73,-327.15,-131.85,-256.28,335.7,-96.15,108.9,-336.15,-180.6,-182.71,352.8,-32.55,198.44
385.2,-46.05,133.58,-352.8,-155.25,-287.5,328.95,-22.05,167.71,-398.85,-105.9,-262.09,-338.4,-235.65,-278.78,322.2,-16.8,181.98,-316.35,-151.2,-219.01,359.85,1.05,127.29,285.6,11.25,88.33,-296.85,-291.45,-264.02,295.2,3.6,239.82,-366.6,-122.85,-257.97,-328.95,-132.9,-255.55,337.05,-96.0,109.87,-337.2,-181.05,-182.23,351.9,-33.75,195.54
385.35,-45.75,133.34,-352.5,-155.7,-287.01,328.35,-21.75,167.95,-398.55,-105.0,-260.15,-339.6,-236.7,-276.85,322.5,-16.05,181.74,-317.25,-151.05,-216.83,360.75,-0.6,127.29,285.75,11.7,88.57,-296.85,-290.4,-264.99,294.6,5.55,241.76,-365.7,-123.0,-257.0,-328.65,-131.85,-257.0,335.55,-97.8,108.66,-337.8,-179.25,-184.89,352.35,-33.6,198.2
384.15,-45.0,132.86,-353.25,-155.55,-287.74,327.45,-21.15,168.67,-399.0,-105.0,-261.36,-338.7,-236.1,-277.33,322.95,-15.9,181.02,-317.4,-149.55,-219.25,358.65,0.75,128.99,286.2,10.05,88.57,-297.9,-290.25,-265.47,295.2,3.15,241.52,-365.4,-123.0,-255.79,-328.2,-133.35,-257.73,336.45,-96.75,109.87,-336.45,-179.25,-182.23,352.65,-33.6,197.96
385.05,-45.15,131.89,-352.5,-155.1,-287.98,327.9,-22.05,167.71,-398.1,-105.15,-261.84,-338.4,-234.9,-279.27,321.3,-15.9,181.5,-317.25,-150.6,-218.77,359.7,-1.2,127.29,286.05,10.95,88.09,-298.65,-290.85,-264.99,293.7,5.1,238.37,-366.45,-122.55,-258.21,-327.9,-133.05,-255.31,335.55,-96.9,107.93,-338.25,-180.75,-183.44,352.2,-34.65,197.23
384.75,-44.85,133.1,-352.8,-155.55,-287.5,328.65,-21.45,166.98,-398.55,-104.7,-262.57,-338.55,-235.2,-279.51,321.6,-16.5,181.26,-315.75,-150.3,-217.56,360.3,-0.6,129.71,285.45,11.4,89.06,-297.0,-291.3,-266.68,295.5,4.65,241.52,-365.85,-123.15,-257.0,-327.6,-132.3,-257.97,336.15,-97.35,109.14,-338.85,-179.25,-181.26,351.6,-33.75,197.96
386.7,-45.9,133.83,-353.25,-154.35,-286.04,327.9,-22.5,168.19,-397.65,-104.55,-260.88,-338.4,-236.85,-278.78,321.6,-16.35,182.47,-315.75,-149.55,-217.32,359.85,1.95,128.02,285.3,11.4,89.06,-296.7,-291.0,-265.47,295.35,4.05,240.55,-365.7,-122.7,-256.76,-328.05,-131.25,-255.31,336.3,-96.15,109.14,-337.5,-180.75,-181.26,351.75,-33.15,197.47
385.2,-45.75,132.13,-352.5,-154.65,-288.46,328.65,-22.65,166.98,-399.0,-103.95,-261.6,-338.55,-235.95,-279.03,322.65,-15.3,179.56,-316.05,-151.05,-217.8,359.7,-0.15,128.5,285.75,10.8,87.6,-297.15,-290.55,-263.54,294.75,4.2,241.03,-365.55,-123.9,-257.49,-327.9,-133.2,-255.31,336.9,-95.85,108.42,-338.4,-180.9,-182.95,352.5,-34.05,197.96
384.3,-45.0,133.83,-352.2,-156.45,-286.77,328.05,-22.95,168.67,-398.1,-105.9,-260.88,-339.3,-235.35,-280.48,322.65,-15.3,180.77,-316.35,-150.9,-218.28,359.7,0.15,128.5,285.6,11.1,88.09,-296.4,-291.15,-265.23,294.0,4.65,241.27,-366.6,-123.0,-257.73,-327.15,-132.6,-256.28,336.0,-97.2,110.11,-336.9,-179.7,-182.71,352.2,-34.05,196.75
385.95,-45.45,131.65,-351.75,-156.0,-287.5,328.2,-23.25,166.25,-398.55,-105.45,-261.36,-337.35,-235.35,-278.54,321.45,-15.75,180.05,-317.1,-150.3,-218.53,359.55,-0.15,128.5,286.5,11.4,87.6,-297.9,-290.7,-265.72,294.9,5.25,240.79,-364.2,-121.95,-255.55,-327.9,-132.15,-255.55,336.15,-97.8,107.93,-337.8,-181.05,-181.5,351.6,-33.45,197.96
385.35,-45.75,132.37,-353.55,-154.8,-287.74,328.35,-21.75,168.43,-398.85,-104.7,-262.09,-337.35,-236.4,-276.61,321.75,-16.65,182.23,-317.7,-150.75,-219.01,358.8,0.45,128.02,285.6,12.0,88.33,-297.0,-291.6,-265.96,294.9,4.8,240.31,-366.45,-123.0,-257.73,-327.3,-132.6,-257.25,335.25,-96.75,107.93,-337.8,-181.05,-181.74,352.2,-34.95,197.96
386.7,-44.85,132.62,-352.8,-154.95,-287.25,327.3,-22.8,169.16,-397.05,-104.85,-260.63,-337.95,-235.95,-277.33,322.8,-15.15,181.26,-317.4,-149.7,-219.01,360.3,0.75,128.5,286.2,10.95,89.54,-297.15,-291.15,-264.02,295.05,4.35,241.03,-366.75,-122.25,-257.25,-327.15,-132.75,-256.04,335.85,-96.0,108.42,-337.05,-180.3,-183.19,352.05,-34.65,197.23
385.5,-45.9,132.62,-352.35,-155.85,-287.01,328.2,-21.3,167.95,-398.85,-105.6,-261.84,-338.1,-236.4,-278.06,321.75,-15.3,180.29,-316.8,-150.15,-220.46,360.3,0.45,128.02,285.15,10.35,89.3,-298.95,-290.25,-266.2,294.9,3.6,241.27,-365.25,-122.85,-259.42,-328.2,-132.9,-257.97,336.0,-96.3,108.42,-337.95,-180.3,-183.44,351.75,-34.2,198.92
385.95,-45.3,131.65,-353.1,-154.8,-287.98,328.2,-22.5,169.64,-398.55,-104.7,-261.12,-337.95,-235.8,-277.82,322.8,-16.05,181.02,-316.5,-150.0,-217.8,361.65,0.45,127.29,285.45,11.7,88.81,-296.55,-290.85,-265.96,295.5,4.5,238.61,-366.0,-123.0,-257.49,-327.0,-133.35,-255.31,336.45,-97.05,109.38,-337.5,-181.35,-181.74,352.35,-33.9,197.96
385.35,-45.15,133.34,-353.25,-155.1,-287.01,328.2,-22.65,168.19,-398.4,-105.75,-262.09,-338.1,-236.1,-277.33,322.8,-15.15,182.23,-316.35,-150.0,-217.56,358.05,-0.75,128.5,285.3,12.0,87.85,-297.75,-290.4,-265.96,294.45,4.2,240.79,-366.9,-122.7,-257.0,-327.0,-132.0,-255.79,336.15,-96.9,110.11,-338.1,-180.3,-181.98,351.45,-33.75,197.96
385.65,-45.15,134.31,-352.95,-155.55,-284.83,330.3,-22.2,166.74,-397.5,-105.9,-262.57,-338.4,-235.5,-280.72,322.5,-15.45,181.5,-315.45,-149.55,-217.8,359.7,-1.05,127.05,286.35,11.4,88.81,-297.6,-291.45,-265.96,294.6,4.95,240.06,-364.8,-122.4,-259.18,-327.15,-132.6,-256.52,336.6,-96.6,109.87,-338.1,-181.95,-180.77,352.35,-33.9,197.96
385.5,-45.3,132.86,-352.95,-156.0,-287.5,328.5,-22.95,167.46,-397.05,-104.4,-262.57,-338.4,-235.8,-278.06,321.75,-16.05,181.26,-317.4,-150.75,-217.8,359.85,-0.6,128.99,286.35,11.7,89.3,-297.75,-290.85,-265.47,294.6,4.5,241.52,-366.3,-124.05,-257.0,-328.2,-132.0,-255.31,336.6,-96.9,109.14,-338.25,-180.45,-182.71,352.2,-32.85,198.68
385.8,-45.9,134.07,-352.65,-154.95,-287.25,328.05,-22.2,168.19,-398.4,-104.4,-261.12,-338.55,-235.5,-278.06,322.95,-15.9,180.77,-316.35,-150.75,-217.07,360.9,0.9,127.05,285.3,11.7,87.6,-298.35,-291.3,-264.26,294.9,4.5,240.55,-365.7,-124.2,-258.7,-327.3,-132.9,-255.55,337.8,-97.2,109.63,-337.2,-180.45,-184.65,351.6,-33.15,197.96
385.35,-45.15,132.13,-352.35,-155.1,-287.98,328.5,-22.65,168.43,-397.95,-104.25,-261.84,-338.55,-235.5,-278.54,321.9,-15.0,183.19,-317.1,-150.6,-218.77,360.0,-0.45,128.5,285.0,10.8,89.78,-296.25,-291.0,-264.99,294.75,4.65,240.55,-365.55,-122.4,-257.73,-328.05,-132.0,-257.0,335.7,-97.35,109.63,-338.4,-180.9,-183.92,351.6,-34.2,198.44
385.35,-45.75,132.13,-353.4,-155.55,-285.56,328.95,-21.75,168.43,-397.95,-105.45,-261.36,-338.85,-235.5,-278.54,322.8,-16.95,180.53,-316.5,-151.35,-218.77,359.4,-1.2,128.02,285.0,11.25,87.85,-297.75,-290.7,-266.2,294.9,3.15,239.58,-366.3,-123.45,-257.49,-328.2,-131.85,-255.79,336.45,-96.75,108.9,-337.5,-180.0,-181.74,351.75,-32.7,197.23
385.65,-44.85,130.68,-353.4,-155.55,-288.22,328.95,-21.6,168.19,-397.95,-104.55,-260.88,-337.95,-235.95,-278.06,322.8,-15.0,181.74,-316.2,-151.8,-218.28,360.15,0.6,127.78,285.0,10.95,90.27,-297.6,-289.8,-266.44,295.05,4.8,240.55,-366.3,-123.15,-257.97,-327.9,-132.9,-256.28,336.0,-97.65,110.59,-337.2,-180.0,-181.5,352.05,-33.75,199.17
385.65,-45.45,134.07,-352.95,-156.0,-287.5,327.6,-21.3,168.43,-399.0,-105.15,-263.54,-338.25,-236.4,-278.3,321.45,-15.45,180.29,-316.5,-151.2,-218.28,359.55,-0.45,128.74,285.0,11.4,89.54,-296.7,-290.25,-266.68,294.45,4.95,239.58,-365.4,-122.25,-257.73,-327.75,-131.85,-258.21,335.7,-96.3,110.35,-338.1,-180.45,-182.23,352.65,-34.5,195.78
385.95,-45.3,133.1,-354.0,-154.8,-286.77,327.15,-22.35,166.98,-398.25,-104.7,-262.09,-337.2,-235.95,-278.3,321.45,-15.9,179.81,-316.05,-150.0,-218.77,360.15,-0.3,128.26,285.6,11.4,89.3,-297.9,-289.8,-263.78,294.75,4.2,238.61,-365.85,-123.0,-258.46,-327.15,-133.2,-256.76,336.0,-96.0,107.93,-338.25,-180.6,-181.98,352.05,-33.45,198.2
386.7,-45.3,132.62,-352.5,-155.85,-286.53,328.35,-22.35,168.67,-397.8,-105.15,-263.78,-339.0,-234.9,-279.27,321.9,-16.2,181.26,-316.95,-150.75,-218.28,360.15,0.15,127.05,285.3,11.55,88.57,-296.85,-290.7,-264.51,295.35,4.95,239.1,-367.05,-124.5,-257.25,-328.05,-131.4,-257.73,336.15,-97.2,109.38,-338.7,-180.45,-181.74,351.9,-34.35,198.2
384.9,-46.35,131.65,-352.35,-154.65,-287.74,328.95,-22.95,166.01,-397.65,-104.55,-260.88,-336.9,-234.6,-279.03,321.3,-16.2,181.98,-316.65,-149.1,-218.28,359.7,-0.6,128.02,285.6,10.95,89.54,-297.75,-290.4,-265.23,294.6,4.2,240.55,-366.0,-122.55,-258.94,-327.15,-132.3,-257.25,336.6,-97.2,109.38,-338.7,-181.05,-183.44,352.05,-33.45,197.47
384.75,-45.75,132.37,-353.85,-156.75,-287.25,328.5,-21.45,166.98,-397.8,-105.15,-262.33,-338.55,-236.1,-277.82,321.6,-16.2,181.26,-315.75,-151.2,-217.56,360.0,-0.45,126.81,285.45,10.65,88.33,-297.6,-291.6,-265.72,295.05,4.05,239.82,-366.75,-123.15,-259.67,-327.3,-131.7,-255.07,336.9,-96.9,110.35,-337.65,-180.6,-182.71,351.3,-34.2,198.2
385.5,-45.0,132.62,-353.25,-155.85,-287.74,328.35,-22.05,165.77,-398.25,-105.45,-260.88,-338.25,-237.0,-278.54,322.35,-16.05,181.74,-315.9,-151.05,-218.04,359.25,0.3,128.26,285.6,10.95,89.3,-298.65,-290.25,-263.3,295.5,4.95,239.82,-364.95,-122.4,-259.42,-327.0,-132.3,-256.76,336.15,-96.0,108.17,-337.5,-179.55,-183.19,352.2,-33.45,197.71
385.35,-45.75,133.34,-351.3,-155.1,-287.01,328.2,-21.45,167.71,-397.65,-105.0,-261.6,-339.45,-235.95,-278.3,321.45,-15.6,181.02,-316.2,-151.35,-218.28,360.3,0.45,126.81,285.6,10.95,89.3,-297.45,-290.85,-265.96,294.3,4.65,241.76,-367.2,-122.4,-258.21,-328.05,-132.75,-255.07,336.9,-96.3,111.56,-337.95,-179.7,-182.23,352.65,-33.15,197.23
385.35,-45.0,133.58,-352.05,-154.95,-287.01,328.2,-22.8,166.98,-398.1,-105.45,-262.33,-338.85,-236.1,-277.33,322.5,-14.4,179.32,-316.65,-149.55,-218.28,359.7,0.3,129.71,285.0,11.55,90.02,-297.9,-290.4,-264.99,295.2,4.05,240.55,-366.6,-123.15,-257.73,-327.6,-131.25,-256.04,336.15,-96.6,107.45,-338.85,-180.3,-183.19,352.8,-33.0,198.2
