385.2,-34.05,132.62,-349.8,-148.8,-295.0,334.2,-22.2,159.96,-396.45,-106.65,-267.17,-337.05,-219.0,-277.82,325.35,-7.5,166.25,-314.4,-152.25,-230.38,360.75,-3.45,121.73,284.25,25.05,89.78,-296.1,-286.95,-278.78,292.2,2.85,229.42,-368.1,-126.15,-263.78,-324.9,-128.4,-249.26,325.95,-98.25,95.59,-344.25,-180.45,-190.45,350.1,-35.4,194.08
386.4,-33.15,133.1,-348.9,-149.4,-294.51,334.05,-22.65,158.27,-394.95,-106.8,-266.93,-339.45,-217.65,-279.51,324.6,-8.7,167.46,-316.05,-152.4,-229.9,360.75,-3.3,121.24,284.4,25.65,90.02,-295.5,-287.25,-278.78,292.8,3.0,231.35,-368.25,-126.45,-264.26,-325.05,-127.2,-248.53,326.1,-97.35,96.07,-342.9,-180.3,-189.73,349.05,-35.4,193.12
385.65,-33.75,132.13,-348.3,-149.25,-296.21,334.2,-21.75,157.78,-396.15,-108.6,-267.41,-338.55,-219.15,-279.51,323.4,-9.0,166.98,-316.05,-151.95,-230.38,361.8,-3.0,122.21,284.25,25.8,90.27,-296.25,-287.55,-278.06,292.65,3.15,229.42,-368.7,-125.55,-263.78,-324.75,-127.5,-249.02,325.05,-97.95,96.32,-343.5,-180.45,-189.0,349.2,-35.85,194.08
387.0,-33.6,133.83,-347.55,-148.2,-295.48,332.7,-22.65,158.99,-394.8,-106.65,-268.14,-337.8,-217.8,-279.03,324.6,-8.55,167.95,-314.85,-151.35,-231.11,361.2,-3.15,121.97,284.1,25.05,90.27,-298.05,-287.1,-278.78,292.05,2.4,231.84,-368.25,-125.1,-264.51,-324.6,-127.2,-248.78,326.55,-97.65,95.11,-343.5,-181.2,-188.76,349.65,-35.55,193.84
385.05,-33.0,133.58,-348.15,-149.4,-295.48,333.15,-23.25,159.48,-395.4,-107.4,-266.68,-337.8,-218.7,-278.54,324.75,-8.4,166.74,-316.2,-152.25,-228.69,360.75,-4.2,121.0,283.65,25.2,89.78,-295.65,-286.8,-279.51,293.4,3.6,229.9,-368.4,-126.0,-264.26,-325.65,-127.8,-249.74,326.25,-96.6,96.07,-342.9,-180.6,-190.21,350.1,-35.1,191.91
386.1,-32.7,133.83,-347.7,-149.4,-294.51,332.7,-22.65,158.51,-395.4,-106.05,-267.41,-337.95,-218.4,-279.51,324.0,-8.25,167.46,-315.3,-151.65,-230.87,361.65,-3.15,122.45,283.35,26.25,90.75,-296.7,-286.35,-277.57,292.05,2.1,230.14,-368.4,-126.45,-265.23,-324.45,-127.65,-248.53,326.1,-98.4,97.77,-343.65,-181.05,-188.76,349.5,-35.4,193.12
385.5,-33.45,134.55,-348.3,-148.8,-295.0,332.85,-23.25,159.72,-396.0,-107.25,-267.89,-339.15,-217.95,-278.06,325.35,-7.95,168.19,-316.5,-153.6,-231.11,361.65,-3.75,122.69,282.6,25.2,90.27,-295.8,-286.8,-279.03,292.65,2.7,230.63,-368.55,-125.7,-264.26,-325.65,-128.85,-249.02,326.1,-98.25,95.83,-343.8,-180.15,-188.28,349.05,-34.65,193.84
385.95,-33.15,133.58,-348.3,-148.95,-297.42,333.3,-23.25,160.69,-395.7,-106.95,-265.72,-338.1,-217.95,-278.54,325.35,-8.55,166.5,-317.25,-151.95,-230.38,361.35,-3.15,122.45,283.2,25.65,90.51,-297.0,-286.65,-277.57,292.5,2.7,230.63,-368.25,-127.05,-263.05,-325.35,-127.65,-248.29,325.8,-97.2,96.32,-342.75,-181.2,-188.03,349.65,-34.95,194.57
386.25,-34.5,131.41,-348.9,-148.8,-297.66,333.3,-23.1,158.99,-395.25,-107.7,-266.93,-337.8,-218.85,-279.03,324.75,-8.25,167.22,-315.45,-151.8,-230.14,361.05,-3.3,120.76,284.25,25.65,89.3,-296.7,-286.5,-277.82,292.05,3.15,231.84,-368.25,-126.3,-264.51,-324.9,-127.8,-249.26,325.5,-97.95,96.56,-343.35,-181.8,-189.49,349.35,-34.95,193.12
387.0,-33.6,131.65,-348.45,-148.5,-295.72,332.85,-21.75,160.93,-395.85,-106.65,-266.2,-337.95,-218.85,-278.3,324.3,-7.95,166.98,-316.8,-152.4,-229.66,360.3,-2.7,121.24,283.35,24.9,90.27,-295.8,-287.55,-277.82,292.35,3.6,231.11,-367.2,-125.4,-263.78,-325.05,-128.1,-249.74,325.95,-97.2,94.86,-343.2,-180.15,-189.73,350.1,-34.65,192.63
385.8,-32.4,132.86,-348.75,-149.1,-294.76,333.9,-21.9,159.24,-395.4,-106.95,-267.17,-339.75,-217.95,-278.06,323.7,-9.45,167.46,-315.3,-151.95,-229.17,359.85,-4.95,121.48,283.65,25.2,90.51,-296.1,-286.35,-279.27,292.65,2.1,230.14,-368.25,-126.0,-265.47,-324.6,-127.2,-248.78,325.8,-97.5,94.38,-343.2,-181.35,-189.0,349.8,-34.65,194.08
386.55,-35.1,133.34,-348.45,-149.55,-294.51,333.0,-21.6,158.75,-394.95,-107.7,-267.89,-339.0,-218.1,-278.78,324.75,-8.1,167.71,-316.05,-153.6,-229.17,361.35,-3.75,119.06,282.75,25.2,89.3,-296.1,-287.85,-277.33,293.4,3.3,230.14,-368.4,-125.7,-264.26,-325.2,-128.1,-248.53,325.5,-97.8,95.11,-343.5,-180.3,-189.0,349.8,-35.4,192.87
386.7,-34.65,133.58,-348.15,-149.25,-296.21,333.0,-23.1,159.48,-396.45,-106.5,-267.17,-338.4,-219.3,-279.27,324.3,-9.0,166.74,-316.05,-152.4,-230.87,361.2,-3.45,121.24,283.5,25.65,89.78,-296.25,-286.5,-278.3,293.4,2.25,229.9,-368.7,-125.55,-263.78,-324.9,-127.05,-249.02,325.35,-97.5,95.11,-342.45,-180.75,-190.94,349.2,-34.95,194.81
386.85,-33.0,132.62,-349.35,-148.8,-294.76,332.25,-22.35,159.24,-396.75,-107.4,-267.17,-337.35,-218.1,-278.78,324.9,-9.0,166.98,-316.35,-153.0,-230.63,361.35,-4.05,121.0,283.2,24.6,90.27,-295.65,-286.95,-278.78,292.5,3.15,230.63,-367.65,-127.05,-263.05,-325.65,-127.35,-248.29,325.8,-97.95,97.77,-342.9,-180.75,-188.28,349.65,-35.1,194.57
385.35,-33.6,133.34,-347.25,-148.65,-296.21,332.7,-22.5,159.96,-395.25,-107.4,-267.89,-338.1,-218.55,-279.99,324.75,-8.7,168.19,-315.75,-153.0,-228.93,360.75,-3.6,120.76,282.6,25.95,91.48,-295.8,-286.2,-277.57,294.15,2.4,230.87,-368.4,-125.1,-263.54,-324.9,-127.95,-249.26,325.5,-97.2,93.65,-343.35,-181.2,-189.97,350.4,-34.95,193.84
385.95,-33.45,132.37,-347.85,-148.5,-295.97,332.85,-23.85,159.48,-395.85,-107.4,-268.14,-337.8,-218.85,-280.48,325.8,-7.65,167.95,-315.3,-152.4,-229.42,359.7,-3.6,121.24,283.05,26.1,90.27,-295.5,-285.75,-277.57,292.95,3.6,231.59,-368.1,-125.85,-263.54,-325.8,-128.1,-249.02,326.1,-97.95,96.07,-343.95,-180.75,-188.28,348.75,-34.65,194.08
387.0,-33.45,133.1,-348.6,-147.3,-295.72,332.4,-21.15,159.72,-396.0,-108.15,-267.65,-337.8,-220.2,-279.03,325.5,-8.7,167.22,-316.5,-152.4,-231.59,361.5,-4.2,121.48,283.05,25.35,89.78,-295.2,-286.5,-278.06,292.2,3.15,231.35,-368.85,-126.3,-264.51,-324.75,-127.2,-249.26,325.65,-97.95,95.35,-343.5,-180.45,-188.76,349.95,-34.8,193.84
386.55,-33.75,132.86,-348.3,-147.3,-295.0,332.7,-22.95,159.72,-396.45,-107.85,-268.38,-337.65,-218.25,-279.75,324.15,-7.95,167.22,-316.05,-152.25,-230.38,360.3,-3.75,122.21,283.65,25.65,90.75,-297.0,-287.25,-278.06,292.2,3.6,229.9,-367.8,-125.55,-263.78,-326.85,-127.5,-250.23,325.2,-97.65,94.62,-344.4,-180.0,-189.24,349.35,-35.1,195.05
386.1,-33.0,132.37,-348.0,-148.65,-295.24,332.7,-22.95,159.48,-396.0,-107.25,-267.41,-338.55,-218.25,-280.72,324.3,-7.95,166.74,-315.6,-152.25,-229.17,360.3,-3.6,121.97,284.55,25.8,90.51,-295.5,-286.35,-279.03,292.5,3.9,229.9,-368.1,-126.3,-264.02,-324.9,-127.8,-249.74,325.95,-97.65,96.07,-343.2,-180.75,-190.45,349.5,-35.85,193.36
385.65,-34.2,134.79,-349.35,-149.4,-295.0,333.0,-21.45,160.69,-395.7,-106.65,-265.72,-338.7,-217.8,-278.06,324.75,-9.15,167.46,-315.3,-151.65,-229.42,361.95,-3.15,121.0,283.95,26.55,90.02,-297.3,-287.1,-279.99,293.7,2.4,231.11,-367.65,-126.15,-263.05,-324.45,-126.6,-247.57,325.5,-97.65,96.07,-342.15,-180.3,-190.7,349.2,-35.7,193.6
385.95,-33.75,133.83,-348.75,-149.1,-294.51,332.7,-22.8,160.69,-395.55,-107.7,-266.2,-338.1,-219.0,-278.3,324.45,-8.1,166.5,-315.75,-151.95,-230.38,360.3,-2.55,121.24,282.6,24.45,90.02,-295.5,-287.55,-278.54,292.8,3.15,231.59,-367.95,-126.0,-262.57,-324.9,-127.65,-248.53,324.6,-97.95,96.56,-343.2,-181.5,-189.73,349.35,-35.7,193.84
385.35,-34.35,133.1,-348.15,-148.95,-295.24,331.35,-21.6,160.45,-396.75,-108.0,-266.93,-338.55,-217.8,-279.27,324.9,-8.25,166.01,-315.3,-152.25,-229.17,361.65,-2.85,121.0,283.8,24.9,91.96,-295.5,-286.35,-276.36,293.25,2.85,229.66,-368.85,-126.45,-263.3,-325.05,-127.5,-248.29,326.25,-96.9,94.14,-342.9,-180.15,-191.18,349.5,-34.8,194.33
385.8,-33.75,133.58,-348.45,-149.25,-295.0,333.9,-22.35,158.99,-395.7,-106.65,-266.93,-339.0,-218.7,-279.03,324.45,-8.25,167.71,-315.45,-152.4,-231.35,360.75,-4.35,121.0,283.8,25.8,91.72,-296.7,-287.55,-277.33,292.2,2.1,231.11,-368.1,-126.3,-263.54,-326.25,-126.9,-250.23,325.65,-98.4,95.11,-343.8,-180.75,-188.76,350.4,-34.95,193.6
385.95,-32.25,133.34,-348.6,-148.5,-295.0,333.15,-22.35,159.48,-394.8,-107.55,-265.23,-338.55,-218.55,-279.27,325.35,-8.4,167.22,-316.05,-152.1,-229.9,361.5,-3.9,122.45,284.85,25.2,89.78,-297.0,-285.9,-279.51,292.65,2.25,231.59,-368.4,-125.55,-264.02,-325.2,-127.05,-248.29,326.4,-98.1,97.53,-343.95,-181.8,-189.0,349.35,-35.55,192.87
386.4,-32.85,134.31,-348.45,-148.5,-295.97,332.4,-22.95,158.75,-395.25,-108.15,-268.14,-338.85,-219.3,-278.78,325.2,-9.15,168.67,-315.45,-151.65,-229.42,361.2,-4.2,121.24,283.5,24.9,89.3,-295.8,-286.65,-278.3,292.35,3.3,229.66,-369.15,-126.15,-263.3,-325.5,-127.5,-251.44,325.5,-97.95,95.59,-343.35,-179.7,-190.21,349.65,-35.1,194.81
385.35,-33.75,133.1,-349.65,-148.65,-296.69,333.0,-21.45,160.2,-396.3,-107.7,-266.93,-338.4,-218.85,-279.75,325.05,-8.4,167.22,-316.2,-152.1,-230.38,361.8,-3.45,121.97,283.05,26.25,88.57,-295.8,-286.95,-278.3,293.1,4.05,230.14,-367.95,-126.9,-263.3,-326.1,-127.2,-248.53,324.75,-97.5,95.83,-342.6,-181.35,-189.0,349.8,-34.95,193.84
385.05,-33.45,132.62,-348.45,-148.5,-296.45,332.55,-22.05,160.2,-395.1,-107.7,-267.17,-337.65,-217.95,-279.51,325.2,-8.85,168.43,-316.05,-153.3,-230.38,361.05,-4.35,122.94,284.55,25.8,88.33,-295.65,-287.1,-278.06,291.6,3.0,231.59,-367.5,-126.3,-265.47,-326.25,-127.35,-248.53,325.5,-97.8,95.35,-343.8,-180.75,-189.0,348.75,-34.95,194.81
387.15,-33.75,132.62,-348.6,-149.55,-295.48,332.4,-22.95,160.45,-396.15,-107.85,-265.23,-338.7,-219.3,-277.82,324.45,-8.7,166.98,-316.2,-152.7,-229.9,361.35,-4.2,120.52,283.5,25.2,89.78,-296.1,-287.25,-279.75,293.1,2.85,230.14,-368.4,-126.6,-263.05,-325.5,-127.8,-248.05,325.2,-97.65,96.07,-343.05,-181.35,-189.73,349.35,-34.8,194.57
385.8,-33.3,132.37,-348.6,-148.8,-295.48,332.7,-22.5,160.69,-394.95,-108.15,-267.41,-337.35,-218.1,-278.3,325.35,-8.55,166.25,-315.15,-151.05,-229.66,361.5,-2.7,120.03,284.85,25.65,89.06,-296.4,-286.5,-278.06,292.65,2.85,230.38,-368.85,-127.05,-264.02,-325.65,-127.2,-249.99,325.8,-98.55,96.07,-343.5,-181.2,-189.49,349.35,-35.4,194.57
386.25,-34.2,132.86,-348.75,-149.1,-295.48,333.75,-23.1,159.72,-397.05,-107.85,-268.86,-338.25,-218.25,-280.72,325.65,-8.55,167.95,-316.05,-152.55,-228.93,359.85,-3.6,121.48,283.5,25.8,90.27,-296.4,-288.0,-277.33,291.9,3.0,230.63,-369.45,-125.85,-263.3,-325.35,-128.4,-249.02,326.25,-98.55,96.07,-342.45,-181.35,-189.73,349.05,-34.95,194.57
385.2,-33.75,131.89,-348.0,-148.5,-295.24,332.55,-22.65,159.72,-395.55,-105.45,-266.44,-337.8,-218.85,-278.54,324.75,-8.1,167.22,-315.9,-152.85,-230.14,361.2,-4.2,121.97,282.75,24.6,91.48,-295.5,-287.55,-279.75,293.4,2.85,229.42,-368.4,-126.45,-263.54,-325.35,-128.1,-249.5,325.5,-98.1,95.83,-343.05,-181.5,-190.7,349.65,-34.8,194.33
385.8,-32.7,133.1,-348.45,-148.05,-294.51,333.3,-23.85,159.24,-395.1,-107.55,-266.68,-337.65,-218.85,-278.54,324.6,-8.7,164.8,-316.05,-151.8,-230.14,360.45,-3.45,121.0,283.95,25.65,91.48,-297.45,-286.35,-278.54,292.5,2.55,231.35,-369.15,-127.05,-264.51,-325.05,-126.6,-251.2,325.65,-97.5,96.8,-343.35,-181.5,-188.76,349.95,-35.4,194.08
386.1,-33.3,132.62,-348.45,-149.85,-294.51,332.7,-22.2,158.75,-396.15,-106.8,-265.72,-338.4,-219.9,-279.75,325.65,-8.7,166.98,-315.45,-152.4,-228.45,361.95,-3.45,121.0,284.25,25.2,87.85,-297.3,-286.8,-279.51,292.8,3.45,232.56,-367.65,-125.4,-264.51,-325.2,-127.8,-248.05,325.35,-97.35,94.86,-343.35,-181.65,-188.28,349.5,-35.1,194.33
385.5,-35.1,133.1,-348.45,-148.8,-295.48,333.6,-22.8,159.48,-395.7,-106.8,-266.93,-337.35,-219.75,-279.99,325.5,-8.1,166.98,-315.6,-152.55,-230.14,360.75,-4.2,121.0,283.35,25.5,89.78,-295.35,-286.8,-279.99,292.65,2.25,229.42,-368.4,-126.15,-263.05,-324.75,-127.35,-249.02,325.35,-97.35,95.11,-342.9,-180.45,-188.52,349.8,-34.8,195.54
385.8,-33.6,133.1,-348.45,-149.4,-294.27,333.45,-22.95,159.24,-395.7,-107.1,-264.75,-338.1,-219.6,-279.75,324.75,-8.85,165.29,-315.75,-152.1,-230.63,360.75,-4.2,120.76,283.8,26.4,90.02,-296.55,-286.95,-277.33,292.2,2.55,230.63,-368.25,-125.25,-263.3,-324.0,-128.1,-248.78,325.05,-97.8,94.62,-342.75,-181.8,-189.73,349.2,-34.8,194.57
384.9,-33.15,132.37,-348.6,-148.95,-295.24,333.15,-21.3,159.72,-395.85,-106.95,-265.72,-338.55,-218.4,-278.78,324.0,-8.7,167.46,-316.65,-150.75,-229.42,361.2,-3.0,120.27,283.65,24.9,91.23,-296.55,-285.6,-280.24,292.8,2.4,229.66,-368.85,-126.0,-264.02,-325.65,-127.35,-249.99,324.6,-97.05,95.59,-342.3,-181.05,-188.76,348.9,-34.8,194.57
386.7,-33.9,133.34,-349.05,-149.7,-295.0,333.45,-21.9,159.48,-395.55,-106.65,-267.89,-337.05,-218.25,-279.51,324.3,-8.85,167.71,-317.1,-151.8,-229.17,360.45,-3.75,121.24,282.6,25.65,90.02,-296.1,-287.1,-278.3,292.8,3.3,229.9,-368.1,-126.6,-263.3,-324.75,-128.1,-247.81,325.35,-97.5,96.56,-343.5,-181.65,-189.0,350.4,-34.5,193.84
385.2,-33.3,133.34,-347.55,-148.5,-295.24,333.3,-22.5,158.99,-396.45,-107.4,-267.89,-339.0,-219.15,-278.3,324.45,-8.55,166.01,-316.5,-151.5,-228.93,360.6,-4.2,120.52,283.8,24.6,89.78,-295.8,-288.0,-278.54,292.8,2.25,230.38,-367.2,-126.75,-265.96,-326.1,-127.05,-250.47,324.45,-97.8,96.07,-343.05,-181.35,-188.76,349.8,-34.35,193.12
386.4,-33.6,133.34,-348.9,-148.8,-296.69,333.0,-21.45,157.54,-395.55,-107.4,-266.2,-337.5,-218.85,-279.51,324.6,-7.65,167.46,-315.75,-152.4,-228.45,361.5,-4.2,120.76,283.8,25.05,88.09,-296.55,-287.4,-277.33,292.8,2.55,231.84,-368.4,-125.85,-266.2,-325.35,-127.5,-250.23,325.8,-96.9,93.9,-342.75,-181.2,-187.79,347.85,-35.25,194.57
385.95,-33.45,132.37,-348.3,-149.1,-293.79,332.7,-21.6,158.99,-396.3,-107.1,-266.2,-338.55,-218.7,-279.03,324.75,-7.65,167.46,-316.5,-152.1,-229.9,360.3,-2.85,122.21,283.65,25.2,90.02,-296.1,-286.5,-278.78,292.95,2.7,230.63,-369.15,-126.15,-263.54,-324.9,-128.4,-247.57,325.2,-98.55,96.32,-342.15,-181.05,-188.76,350.4,-36.6,194.57
386.1,-33.15,132.86,-348.75,-148.8,-295.48,333.15,-22.65,159.72,-396.45,-107.7,-266.2,-337.65,-218.4,-278.06,323.7,-8.4,166.25,-315.45,-152.1,-229.42,360.75,-4.2,121.97,283.35,26.4,89.78,-296.55,-286.35,-277.33,292.65,3.45,230.14,-367.95,-126.15,-262.81,-326.4,-127.5,-247.57,325.95,-97.2,94.38,-343.35,-181.05,-189.73,349.2,-34.8,193.84
385.5,-33.3,133.1,-350.7,-148.5,-296.21,333.3,-23.25,158.51,-395.55,-107.4,-268.38,-337.5,-217.65,-278.54,325.5,-8.7,166.98,-316.35,-152.1,-229.17,361.05,-3.15,121.48,283.65,25.05,90.99,-296.25,-286.35,-279.75,292.5,3.6,229.17,-369.45,-126.45,-263.78,-324.75,-128.4,-249.99,325.65,-96.6,95.11,-343.05,-181.2,-189.24,350.25,-35.25,193.36
386.25,-34.5,133.83,-348.75,-148.95,-296.45,333.3,-22.05,159.48,-395.55,-108.0,-265.72,-338.1,-219.6,-278.3,324.45,-9.3,167.71,-316.5,-152.1,-230.87,361.05,-3.3,119.79,283.05,25.2,88.57,-297.6,-287.7,-278.06,293.4,3.3,229.17,-368.1,-125.7,-262.81,-325.5,-127.2,-248.29,325.95,-98.25,96.07,-342.75,-180.15,-189.49,349.65,-35.55,192.39
386.25,-33.3,133.58,-348.6,-149.25,-294.51,332.85,-23.1,158.27,-395.55,-107.4,-267.17,-337.2,-218.7,-280.24,324.75,-8.4,165.77,-316.95,-152.7,-229.66,360.75,-4.05,119.79,283.05,26.25,90.99,-296.25,-286.8,-279.03,292.05,3.0,230.14,-368.55,-126.6,-262.57,-325.35,-127.95,-248.53,325.35,-97.8,95.83,-343.65,-182.25,-189.73,349.05,-34.5,194.57
385.95,-34.35,132.86,-349.35,-149.4,-294.27,331.05,-22.05,160.45,-396.3,-106.8,-267.89,-338.85,-218.25,-278.78,324.75,-10.05,167.46,-315.15,-152.25,-232.56,360.9,-3.15,121.48,282.6,26.55,90.51,-296.1,-286.65,-277.57,292.05,3.3,230.87,-368.4,-126.15,-264.51,-324.75,-126.6,-248.78,324.6,-98.4,97.28,-343.5,-179.85,-189.24,349.5,-34.65,192.87
385.95,-33.75,134.07,-347.7,-148.65,-295.48,333.3,-22.95,159.72,-396.45,-107.4,-266.93,-338.1,-219.75,-279.03,324.3,-8.55,167.46,-315.75,-152.7,-229.66,360.0,-3.3,121.24,283.5,25.95,90.27,-296.25,-286.5,-278.06,292.65,3.45,230.63,-369.0,-125.7,-263.78,-325.2,-127.05,-250.47,325.5,-96.75,96.32,-343.8,-181.05,-187.31,349.5,-35.7,195.29
385.35,-32.55,132.37,-349.2,-149.55,-297.18,332.55,-22.35,160.2,-395.4,-107.7,-267.65,-339.0,-219.0,-279.75,325.95,-8.55,167.46,-316.95,-152.25,-229.9,361.65,-3.6,121.0,282.3,26.1,89.78,-295.2,-287.25,-278.54,292.65,3.15,229.9,-369.0,-127.5,-263.3,-325.5,-128.4,-247.32,325.8,-97.65,94.86,-342.0,-181.65,-189.97,349.05,-34.5,193.36
386.55,-34.2,132.37,-347.7,-148.35,-294.76,333.0,-21.6,158.27,-396.3,-108.45,-266.68,-338.25,-218.55,-279.27,323.4,-9.0,168.92,-315.45,-152.25,-231.11,361.2,-4.5,121.0,283.5,25.35,90.27,-295.95,-286.8,-278.54,292.8,3.15,230.63,-369.15,-126.45,-263.78,-325.2,-127.65,-249.5,325.8,-96.45,95.11,-343.05,-180.6,-189.73,349.35,-35.25,193.36
385.2,-34.05,132.37,-349.05,-149.85,-295.24,333.3,-22.05,159.24,-395.85,-108.0,-265.96,-338.7,-218.55,-278.54,325.05,-7.5,166.98,-316.2,-153.15,-231.11,360.45,-3.9,122.45,283.65,25.65,88.57,-295.5,-286.35,-278.78,292.5,2.85,230.38,-368.25,-125.4,-264.02,-325.05,-127.65,-249.26,325.35,-96.9,94.62,-343.2,-180.9,-188.52,349.65,-35.4,195.54
385.5,-32.7,132.62,-348.3,-148.2,-297.18,333.6,-21.45,159.48,-396.15,-107.4,-268.62,-338.4,-218.25,-279.27,324.6,-8.55,168.92,-315.45,-152.85,-229.66,360.6,-4.2,120.76,283.65,26.7,89.3,-295.65,-287.25,-278.54,292.05,3.0,230.38,-369.45,-126.9,-264.99,-324.9,-128.25,-249.26,325.35,-99.0,96.56,-343.05,-181.05,-188.03,349.8,-35.85,192.63
