377.4,-25.95,149.8,-352.8,-130.5,-286.29,336.9,-4.95,154.15,-387.9,-100.35,-283.38,-339.3,-209.7,-252.41,323.1,15.9,180.29,-315.3,-130.35,-243.21,363.75,1.5,96.07,298.8,30.9,106.0,-297.6,-264.3,-265.96,282.15,26.55,221.19,-371.1,-122.55,-287.5,-328.5,-124.65,-257.0,336.15,-80.25,109.38,-339.0,-163.65,-181.5,335.7,-34.2,174.97
376.95,-25.95,149.31,-352.2,-130.35,-287.25,337.95,-4.2,151.49,-388.65,-100.65,-281.93,-337.8,-209.4,-251.68,323.25,16.2,180.05,-313.65,-130.5,-244.9,365.1,1.8,96.8,299.7,31.05,105.75,-298.05,-263.25,-266.44,280.95,25.05,221.19,-370.05,-122.1,-286.77,-327.9,-123.9,-257.73,336.15,-78.9,107.93,-338.1,-162.6,-179.56,334.05,-33.6,173.51
377.25,-25.8,151.49,-353.4,-130.2,-286.53,336.45,-4.2,151.49,-388.5,-100.65,-283.87,-339.3,-208.5,-251.44,323.55,16.35,181.98,-315.15,-128.85,-242.0,363.6,1.65,96.32,297.45,31.35,104.79,-298.2,-263.55,-266.44,282.6,25.95,220.22,-370.8,-122.25,-286.29,-329.1,-124.2,-255.79,336.0,-79.8,108.9,-338.1,-162.6,-180.05,334.65,-34.35,175.21
377.55,-24.9,150.28,-351.3,-130.5,-287.5,337.05,-4.2,151.73,-387.9,-100.8,-281.69,-339.15,-209.85,-253.62,322.95,15.15,180.77,-315.15,-127.35,-243.21,364.05,1.2,96.07,299.55,31.35,107.21,-297.45,-263.85,-266.44,281.55,26.4,220.7,-371.55,-123.6,-285.32,-327.75,-124.8,-257.49,337.05,-80.4,109.87,-338.55,-162.6,-178.11,335.4,-33.6,176.9
377.4,-25.65,150.04,-352.35,-130.95,-287.25,336.9,-4.8,151.01,-387.45,-101.55,-284.35,-339.15,-210.3,-251.92,322.65,15.3,180.05,-314.4,-129.45,-244.9,364.5,2.4,96.07,299.25,31.95,106.0,-297.6,-263.25,-266.44,282.45,25.65,221.67,-370.95,-121.95,-286.29,-328.8,-124.5,-256.76,336.45,-79.65,109.38,-336.6,-163.35,-180.77,334.35,-33.6,176.42
377.7,-26.25,148.83,-352.8,-130.2,-287.01,337.5,-3.75,152.7,-387.15,-101.25,-281.69,-340.05,-208.95,-252.89,323.7,15.75,180.29,-315.15,-129.15,-242.97,363.3,1.05,96.07,298.95,32.1,104.79,-298.35,-264.15,-267.17,281.25,27.6,223.61,-370.2,-121.8,-287.01,-327.6,-124.05,-256.52,336.9,-79.8,108.66,-337.8,-162.45,-181.26,334.35,-34.05,175.45
377.1,-26.25,149.8,-352.5,-129.9,-286.29,337.2,-4.5,151.73,-388.8,-100.95,-282.17,-338.1,-208.8,-252.89,322.05,15.3,180.05,-316.05,-129.0,-243.94,363.45,1.05,95.83,298.95,31.8,104.79,-298.05,-264.3,-266.2,282.75,26.4,220.7,-371.55,-123.0,-287.25,-328.2,-124.8,-257.97,336.45,-80.25,109.38,-337.05,-163.2,-181.98,334.05,-33.45,175.45
376.05,-26.55,150.28,-352.65,-129.45,-286.04,336.45,-4.65,151.49,-387.6,-101.55,-284.11,-339.45,-210.3,-252.65,322.2,16.2,181.5,-315.0,-129.9,-242.73,363.9,3.0,94.62,299.4,31.05,105.51,-298.05,-263.85,-265.72,282.0,26.4,220.95,-370.35,-123.15,-286.53,-328.95,-124.5,-257.97,337.05,-80.1,109.14,-338.1,-163.05,-178.11,336.45,-34.05,175.21
376.95,-25.5,150.04,-353.4,-129.75,-287.25,338.1,-4.35,151.01,-388.65,-100.95,-281.69,-339.6,-208.95,-252.16,322.65,15.45,181.74,-314.25,-129.15,-244.18,364.5,2.1,95.83,299.1,30.9,106.0,-297.15,-264.45,-267.17,281.55,26.55,221.43,-371.4,-121.95,-287.01,-329.1,-124.95,-256.76,336.45,-80.25,107.93,-337.5,-162.45,-179.32,333.9,-34.2,175.21
377.1,-25.35,150.04,-353.4,-130.05,-286.04,336.6,-3.75,151.01,-389.25,-102.45,-282.41,-338.4,-208.2,-252.89,323.55,14.85,181.5,-315.6,-128.4,-242.24,364.65,1.8,94.86,299.1,31.05,105.75,-298.05,-264.6,-267.17,281.7,26.4,222.4,-371.1,-121.95,-287.74,-328.65,-124.35,-256.76,336.6,-79.35,110.59,-338.55,-162.45,-180.77,335.1,-33.75,175.69
377.25,-25.35,149.8,-352.65,-129.9,-287.98,337.2,-4.95,153.19,-388.65,-101.1,-281.45,-339.3,-210.15,-251.68,323.1,15.75,180.77,-315.0,-129.3,-242.73,363.0,1.5,97.04,299.1,31.2,105.75,-298.05,-263.85,-265.96,281.55,26.25,221.67,-370.5,-123.45,-286.53,-329.25,-124.8,-256.76,337.05,-81.15,108.9,-338.1,-162.6,-181.02,335.7,-34.2,174.97
376.8,-26.4,149.8,-352.65,-131.1,-285.8,336.3,-4.8,152.46,-387.3,-102.15,-284.35,-338.85,-210.75,-253.37,322.2,16.2,180.29,-315.15,-130.05,-242.0,364.35,0.9,94.86,298.5,30.45,105.75,-297.9,-263.1,-268.14,282.75,26.55,221.91,-370.8,-122.4,-288.46,-329.4,-124.2,-256.28,336.0,-81.0,105.75,-337.2,-162.75,-178.35,334.95,-33.75,175.69
377.1,-26.1,150.52,-352.95,-129.9,-285.32,336.6,-4.5,152.46,-388.8,-102.6,-283.38,-339.15,-208.8,-252.89,322.95,14.85,182.23,-314.7,-129.9,-243.69,362.7,2.4,95.59,299.25,32.25,104.79,-297.6,-263.55,-264.99,282.15,26.55,220.46,-371.1,-122.55,-285.8,-328.5,-125.25,-256.04,336.45,-80.25,108.42,-337.35,-162.3,-181.5,334.5,-33.6,175.45
377.85,-26.25,150.52,-351.45,-130.35,-287.25,336.6,-4.35,151.25,-387.75,-101.85,-283.38,-338.85,-208.8,-253.37,322.8,15.9,180.53,-315.0,-129.15,-243.21,365.55,0.6,95.11,299.1,30.3,106.96,-297.75,-264.15,-265.47,283.5,25.8,221.19,-372.15,-122.55,-287.01,-328.5,-123.9,-257.49,335.85,-80.85,108.42,-336.9,-163.8,-180.77,334.65,-34.2,174.72
377.25,-25.95,148.83,-352.05,-130.5,-287.01,337.05,-4.65,152.22,-388.65,-102.3,-282.17,-339.0,-209.55,-253.86,322.5,15.45,180.77,-315.15,-130.5,-242.48,364.05,0.9,96.32,299.4,31.2,107.93,-297.6,-264.6,-268.38,281.4,25.8,221.91,-371.25,-123.15,-287.25,-328.5,-125.25,-258.7,335.85,-79.5,109.14,-337.8,-163.05,-178.84,334.65,-33.0,175.21
376.5,-25.65,149.56,-353.55,-129.6,-288.95,337.35,-4.35,151.25,-388.2,-101.1,-282.66,-338.85,-208.95,-253.62,323.25,15.45,181.02,-314.85,-129.45,-244.18,363.75,-0.15,94.86,299.7,30.9,104.79,-297.6,-264.45,-265.72,282.3,25.5,220.95,-371.4,-121.5,-287.98,-327.75,-124.95,-257.49,335.25,-79.95,106.96,-338.25,-162.6,-180.05,333.9,-34.35,174.48
377.85,-25.95,150.04,-352.8,-130.35,-287.98,337.95,-4.8,150.04,-388.2,-101.4,-282.9,-339.15,-210.3,-251.2,322.65,15.6,181.02,-314.55,-128.7,-242.24,364.05,1.95,95.35,298.8,31.95,106.24,-297.0,-264.75,-266.68,282.15,26.7,220.7,-370.65,-122.55,-289.19,-328.5,-124.5,-257.49,335.25,-79.8,110.11,-337.5,-163.05,-179.56,335.25,-34.05,174.48
377.4,-25.5,149.31,-353.1,-130.65,-286.29,336.45,-4.35,150.04,-387.45,-101.7,-283.62,-337.95,-208.65,-252.89,322.8,15.9,181.26,-315.3,-130.05,-244.18,363.6,1.65,95.83,298.95,31.2,106.72,-298.95,-263.55,-266.2,281.55,25.2,223.12,-370.35,-122.85,-286.77,-329.25,-125.25,-256.52,336.45,-80.25,108.9,-337.35,-163.05,-181.26,335.4,-33.3,175.45
377.1,-25.95,149.07,-353.1,-131.1,-285.56,337.65,-4.65,152.46,-388.05,-100.65,-284.11,-338.85,-209.7,-252.65,322.65,15.3,180.53,-314.7,-128.55,-244.18,363.3,1.8,96.07,298.5,30.6,105.51,-298.5,-263.25,-266.44,281.4,26.25,221.19,-370.65,-120.9,-286.29,-329.25,-123.9,-256.76,335.85,-78.9,109.14,-336.45,-163.5,-179.81,334.2,-34.8,174.72
377.4,-25.65,150.28,-352.8,-131.25,-287.5,336.3,-5.1,151.01,-388.2,-101.25,-283.87,-339.45,-209.85,-251.44,323.1,15.15,180.05,-315.0,-129.15,-243.45,364.5,1.95,95.59,298.65,31.2,106.24,-298.65,-263.4,-264.99,281.85,26.1,220.7,-369.45,-123.0,-286.77,-328.95,-124.2,-257.97,337.2,-80.25,108.9,-337.8,-162.15,-180.77,335.25,-33.45,174.24
377.7,-26.1,149.31,-352.35,-130.05,-287.98,337.8,-4.05,151.25,-387.75,-101.7,-281.69,-339.75,-209.25,-253.37,322.2,14.4,179.81,-315.15,-130.35,-243.94,364.05,2.1,96.32,299.55,30.75,106.24,-298.05,-264.3,-265.23,282.6,25.5,221.67,-370.65,-122.25,-287.25,-329.25,-125.7,-256.52,336.3,-80.4,110.59,-338.7,-162.15,-181.02,334.35,-33.75,175.93
376.2,-24.3,151.01,-351.75,-130.95,-286.53,338.1,-3.75,152.94,-387.9,-100.95,-282.17,-338.7,-210.75,-252.65,323.55,15.9,180.77,-315.45,-130.05,-244.42,364.05,1.95,95.11,299.25,31.05,105.51,-297.75,-262.65,-265.47,282.0,26.85,220.95,-370.5,-123.0,-287.5,-328.8,-124.95,-257.25,336.0,-80.7,109.14,-338.25,-163.2,-179.32,334.95,-34.95,175.93
377.25,-25.35,149.56,-352.5,-130.65,-288.46,337.5,-5.1,151.73,-388.8,-101.55,-281.2,-338.85,-209.1,-252.16,322.65,14.55,181.74,-314.55,-130.2,-243.69,363.75,2.25,96.8,298.5,31.35,106.24,-297.6,-263.85,-266.2,281.25,27.15,219.74,-371.1,-122.7,-287.25,-329.1,-124.95,-258.46,336.3,-79.95,108.9,-338.25,-163.2,-179.56,334.2,-34.5,174.97
376.95,-25.65,149.31,-352.35,-130.5,-286.29,336.6,-4.5,151.73,-387.75,-101.25,-281.69,-338.4,-209.85,-252.65,323.7,14.55,181.02,-314.7,-129.6,-244.42,363.6,1.8,96.07,298.5,31.05,107.45,-298.05,-264.75,-267.17,282.3,25.65,221.19,-371.4,-123.6,-285.08,-329.7,-124.8,-257.97,336.3,-79.2,109.14,-337.8,-164.4,-179.81,335.85,-34.05,175.45
377.7,-25.95,151.25,-352.5,-129.9,-285.32,337.5,-3.75,151.49,-388.35,-100.8,-283.14,-338.7,-209.85,-254.58,323.55,16.65,180.77,-314.55,-130.8,-244.42,364.8,2.55,96.32,300.15,30.15,106.24,-298.5,-263.25,-266.2,282.0,25.95,220.95,-371.4,-123.9,-286.04,-328.95,-124.35,-257.0,337.05,-80.1,108.42,-337.5,-162.9,-180.53,334.2,-33.75,175.69
377.4,-26.7,151.49,-351.9,-130.2,-285.8,337.35,-3.6,151.98,-388.05,-101.7,-281.69,-338.25,-209.7,-252.65,322.8,15.3,182.95,-315.0,-129.0,-243.21,364.65,1.65,95.83,299.55,31.05,104.06,-297.75,-263.55,-265.47,282.6,25.5,220.95,-370.5,-122.4,-286.77,-329.1,-125.1,-256.52,336.45,-80.25,108.42,-337.35,-163.5,-180.05,334.35,-34.65,174.48
377.1,-26.25,149.56,-353.7,-130.8,-285.8,337.65,-4.95,151.98,-388.35,-101.1,-282.66,-339.3,-209.55,-251.92,322.95,14.55,179.32,-315.3,-130.35,-244.42,363.45,1.35,97.53,298.95,31.2,106.0,-298.05,-263.85,-266.93,282.9,25.35,221.67,-371.4,-121.8,-287.25,-328.95,-124.5,-256.52,336.0,-81.6,108.42,-337.95,-163.65,-181.26,334.5,-34.05,175.93
377.4,-26.7,149.56,-353.25,-130.65,-285.8,337.35,-4.65,151.25,-388.05,-100.65,-282.9,-340.35,-208.8,-252.16,322.05,15.0,181.74,-313.95,-128.7,-243.45,364.2,1.05,98.25,299.1,31.35,105.51,-298.05,-263.55,-265.96,281.55,25.95,222.16,-370.35,-123.0,-288.95,-328.35,-124.65,-255.07,335.7,-80.4,108.66,-337.35,-162.9,-178.84,334.65,-34.35,175.21
376.05,-26.4,150.04,-352.8,-130.35,-287.5,337.2,-4.2,151.73,-386.85,-101.55,-284.83,-339.0,-210.15,-251.92,324.0,15.75,180.53,-314.4,-129.6,-241.76,365.1,1.95,96.8,299.7,31.35,106.96,-298.65,-263.85,-265.72,282.0,25.65,222.4,-370.5,-122.4,-285.8,-328.95,-124.05,-257.0,337.05,-80.25,109.14,-337.65,-162.6,-180.29,334.8,-33.45,174.97
377.4,-25.95,149.8,-352.95,-130.35,-286.53,338.25,-5.1,151.01,-388.05,-100.5,-281.45,-338.25,-210.15,-253.13,323.25,15.6,182.23,-315.15,-129.45,-242.24,363.75,1.8,96.32,299.55,31.05,105.03,-297.9,-264.0,-265.47,282.45,25.65,221.67,-371.25,-122.7,-285.8,-329.1,-124.35,-256.52,335.85,-79.05,109.63,-338.7,-162.9,-180.29,334.8,-33.75,174.72
376.35,-24.9,150.28,-353.7,-129.45,-288.46,337.65,-4.5,151.73,-389.4,-101.7,-282.66,-339.15,-210.45,-251.44,322.95,15.6,181.74,-316.05,-129.3,-243.45,364.05,0.15,98.01,299.25,31.5,107.45,-298.2,-264.9,-267.41,281.55,26.25,221.19,-370.95,-122.4,-288.22,-328.35,-124.65,-257.49,335.55,-79.65,109.63,-338.55,-162.9,-180.29,334.65,-34.65,174.0
377.25,-25.65,149.07,-352.2,-129.6,-286.29,338.25,-3.75,151.49,-387.15,-102.15,-284.35,-339.45,-210.0,-252.89,322.95,14.1,181.98,-316.2,-127.95,-243.45,363.6,1.95,96.32,298.65,31.65,105.27,-298.2,-263.7,-267.17,281.55,27.0,220.22,-370.2,-122.7,-286.29,-329.25,-124.95,-257.25,336.15,-79.8,107.21,-338.25,-163.65,-178.84,336.9,-34.35,176.42
376.65,-26.4,149.8,-353.25,-132.15,-287.98,336.15,-5.1,151.49,-388.35,-100.05,-282.41,-338.85,-209.25,-253.13,323.4,15.45,181.02,-314.7,-129.75,-242.97,363.9,0.9,94.86,299.4,31.65,106.0,-298.2,-264.3,-265.72,282.0,26.1,222.88,-371.4,-123.15,-287.74,-327.45,-124.35,-257.73,336.45,-78.45,108.42,-337.65,-162.45,-181.74,334.5,-34.5,175.45
377.1,-25.5,149.56,-353.1,-130.05,-285.56,338.25,-4.5,151.01,-386.85,-102.3,-283.87,-339.45,-209.25,-251.44,323.4,15.6,180.77,-315.6,-128.7,-242.48,363.0,1.05,96.32,299.7,31.65,107.69,-297.75,-263.55,-266.44,281.25,26.85,220.95,-371.1,-123.6,-286.53,-328.5,-124.35,-256.04,335.85,-79.95,107.93,-338.7,-162.75,-179.56,334.35,-33.75,176.42
377.85,-26.1,149.8,-352.65,-130.35,-286.53,337.35,-3.9,150.04,-387.3,-101.7,-282.17,-339.3,-209.7,-252.89,323.25,15.0,180.29,-313.95,-129.45,-242.48,364.5,1.65,97.28,298.2,31.2,105.03,-297.3,-262.95,-266.68,281.55,26.1,220.7,-371.25,-122.7,-287.74,-328.2,-124.35,-255.79,336.3,-80.85,108.66,-337.5,-162.3,-180.77,335.4,-34.2,175.21
377.7,-24.9,150.52,-352.2,-130.05,-287.98,336.6,-4.5,150.77,-389.4,-101.7,-283.38,-340.05,-209.55,-253.13,322.8,15.0,179.08,-315.0,-129.75,-242.24,364.95,1.95,94.38,299.85,31.35,105.75,-298.95,-264.3,-265.47,283.05,25.95,223.12,-370.65,-122.4,-286.77,-328.05,-124.05,-257.73,336.45,-79.35,107.93,-338.1,-162.75,-181.02,334.35,-32.55,174.0
377.1,-25.8,151.25,-352.95,-129.6,-286.53,336.45,-4.35,152.22,-387.0,-101.25,-283.62,-339.0,-209.25,-254.1,322.95,15.15,180.53,-315.45,-129.3,-243.21,362.55,2.55,95.83,298.65,31.35,106.96,-297.45,-264.0,-266.93,282.3,26.55,219.49,-371.85,-122.25,-287.5,-327.45,-124.2,-255.55,336.45,-80.25,107.93,-337.95,-162.9,-180.05,335.1,-32.85,176.18
376.8,-26.55,149.56,-353.7,-130.35,-286.77,338.1,-5.25,151.25,-387.9,-101.25,-284.11,-339.0,-209.4,-252.41,322.05,15.6,181.74,-313.65,-129.15,-241.27,363.6,1.95,97.53,299.85,31.2,104.79,-297.6,-264.3,-266.44,282.0,27.15,221.19,-370.8,-122.7,-287.5,-328.65,-124.8,-256.28,335.1,-80.1,108.17,-338.25,-162.9,-181.26,334.65,-34.5,174.48
377.25,-25.05,148.83,-352.95,-130.2,-287.5,336.75,-4.8,151.01,-389.25,-101.7,-282.17,-339.45,-209.7,-252.16,323.25,15.45,181.26,-316.2,-128.4,-242.0,363.6,2.55,97.28,299.7,31.5,105.51,-298.2,-264.0,-266.68,282.0,25.95,220.95,-370.95,-122.7,-286.29,-328.2,-124.65,-257.73,337.65,-80.55,109.14,-337.65,-163.65,-180.77,334.2,-33.3,174.72
377.7,-26.4,149.56,-353.25,-130.65,-287.01,337.05,-5.85,151.73,-387.6,-100.2,-282.17,-338.25,-209.85,-253.13,321.3,15.75,181.02,-314.4,-130.2,-243.94,364.65,1.35,96.32,299.55,31.65,106.0,-296.85,-264.15,-265.96,282.3,26.7,221.67,-371.7,-122.1,-287.25,-328.5,-124.95,-256.76,335.55,-79.05,107.45,-337.35,-163.35,-180.53,335.1,-33.45,173.27
377.25,-25.2,149.07,-352.05,-129.75,-285.8,337.8,-4.95,151.73,-386.7,-101.25,-281.69,-338.7,-209.25,-252.89,322.8,15.75,181.5,-314.85,-129.6,-244.18,364.35,1.95,95.59,300.6,30.9,106.96,-297.0,-263.25,-267.17,282.15,25.35,222.16,-371.55,-123.15,-287.74,-328.5,-124.65,-255.55,335.7,-80.25,109.38,-337.35,-163.5,-181.5,334.65,-33.9,175.21
377.25,-26.4,151.73,-353.7,-130.2,-287.5,336.9,-4.05,150.04,-387.9,-100.5,-282.9,-339.45,-207.9,-252.89,321.45,15.9,180.53,-315.15,-130.05,-243.94,363.6,0.75,96.56,299.4,31.65,106.72,-297.75,-263.1,-266.2,282.0,26.55,221.91,-371.25,-122.1,-286.77,-329.25,-124.65,-257.25,336.75,-80.4,108.42,-338.25,-163.35,-179.08,334.35,-34.05,176.18
377.1,-26.55,151.01,-352.05,-130.35,-288.71,337.35,-3.6,151.25,-387.0,-100.8,-283.38,-339.15,-209.1,-251.68,323.7,15.75,182.95,-314.1,-129.0,-242.48,365.1,2.55,97.28,300.3,32.7,105.75,-298.05,-263.85,-265.96,282.0,27.0,221.91,-370.35,-122.85,-285.56,-329.4,-124.65,-257.0,336.75,-79.35,109.63,-337.5,-163.65,-180.29,334.8,-34.2,175.21
378.3,-25.5,150.52,-352.65,-130.95,-287.74,337.5,-5.55,151.01,-387.45,-101.4,-281.69,-338.7,-208.2,-252.65,323.25,14.4,182.23,-314.7,-129.15,-242.48,364.2,1.05,95.83,299.55,31.35,106.0,-298.5,-263.7,-266.2,282.3,27.0,220.95,-371.4,-123.3,-289.43,-329.4,-124.2,-257.97,335.7,-79.65,107.45,-336.9,-162.15,-179.56,334.95,-33.75,176.9
376.35,-24.9,149.8,-353.1,-130.65,-285.32,337.8,-3.45,151.49,-387.6,-101.7,-283.62,-337.8,-209.25,-252.65,322.95,14.85,180.77,-315.75,-129.9,-243.45,363.75,1.95,98.01,299.55,32.4,105.51,-298.95,-263.25,-266.44,281.85,25.8,221.19,-372.15,-122.25,-287.5,-328.95,-124.05,-257.49,336.6,-80.25,109.87,-337.05,-163.35,-180.05,334.35,-34.5,175.69
377.55,-25.95,149.31,-352.5,-129.6,-288.46,337.35,-4.2,152.22,-388.35,-100.95,-283.38,-339.0,-208.8,-252.65,322.8,15.15,180.29,-316.2,-129.15,-241.52,363.75,2.25,96.07,298.65,32.25,107.45,-297.45,-263.7,-267.41,281.25,26.4,219.98,-370.95,-122.55,-287.5,-328.35,-124.35,-258.7,337.2,-80.55,108.17,-337.95,-162.9,-179.81,335.1,-33.15,176.42
377.7,-26.7,149.31,-351.75,-130.95,-288.71,335.7,-4.35,151.49,-387.75,-101.25,-282.41,-339.15,-209.25,-253.86,323.25,15.6,182.47,-315.3,-129.6,-242.97,363.45,1.8,96.32,299.85,31.95,107.69,-297.45,-263.85,-265.72,281.7,25.95,223.37,-370.8,-122.85,-287.5,-329.1,-124.8,-258.46,336.3,-80.1,109.63,-337.35,-163.2,-180.53,334.8,-34.5,174.97
376.5,-27.15,150.28,-351.45,-130.5,-289.43,336.75,-4.8,152.46,-387.45,-100.95,-283.62,-339.0,-210.0,-252.65,322.5,15.9,181.74,-315.3,-128.85,-242.73,364.5,2.85,96.8,298.05,30.45,106.24,-299.25,-263.55,-264.02,281.7,27.15,219.98,-370.05,-122.7,-287.74,-328.8,-124.35,-256.76,336.6,-79.65,109.38,-338.7,-163.8,-179.08,334.95,-33.3,175.45
377.25,-26.85,149.31,-352.8,-130.05,-287.25,335.85,-4.35,151.25,-388.2,-101.25,-282.9,-338.25,-207.9,-253.13,322.35,15.0,181.5,-315.9,-129.15,-243.21,364.2,1.8,95.83,298.65,32.1,105.51,-297.75,-263.7,-264.75,281.7,25.95,222.88,-370.8,-122.55,-286.53,-328.8,-124.35,-257.0,335.4,-79.2,109.38,-338.4,-163.5,-181.02,334.35,-33.15,175.45
376.5,-26.4,149.8,-351.75,-131.55,-286.04,336.6,-3.6,152.22,-386.1,-100.65,-282.9,-338.85,-208.8,-252.65,322.2,16.35,181.26,-316.05,-129.6,-243.45,364.05,1.65,97.53,298.8,31.05,106.0,-297.9,-264.15,-264.26,282.45,25.05,222.16,-370.35,-122.25,-286.77,-329.55,-125.25,-257.49,337.05,-79.65,109.14,-338.1,-163.5,-179.81,334.2,-34.8,175.69
