373.35,-23.4,147.38,-361.95,-125.7,-295.72,329.25,-5.55,139.15,-401.4,-104.7,-292.82,-347.4,-209.25,-251.44,315.0,17.7,185.37,-318.0,-137.1,-250.95,340.35,4.2,108.66,295.5,30.75,112.53,-305.4,-264.3,-258.94,262.05,13.5,196.02,-369.6,-110.4,-254.34,-329.25,-127.2,-253.62,337.35,-79.5,117.61,-347.1,-169.65,-187.07,347.1,-26.85,195.78
371.55,-22.65,147.14,-363.75,-125.85,-295.72,330.3,-4.5,140.36,-402.0,-104.85,-293.06,-347.55,-209.25,-251.92,315.9,18.3,183.44,-317.4,-137.85,-250.23,340.05,4.8,106.96,295.05,31.35,110.84,-305.25,-263.4,-257.97,261.0,13.35,197.71,-368.85,-109.8,-252.89,-329.55,-126.0,-253.37,337.2,-79.65,116.89,-348.3,-169.95,-187.31,346.5,-26.7,195.29
372.6,-22.95,148.1,-362.7,-127.2,-296.21,328.35,-5.7,141.57,-401.7,-105.9,-293.3,-345.75,-208.95,-250.47,315.0,17.25,185.13,-317.85,-136.35,-251.2,339.15,4.35,108.9,296.4,30.45,110.84,-305.1,-264.75,-257.49,260.7,12.9,195.78,-369.0,-110.25,-254.34,-330.15,-126.9,-252.41,336.9,-79.65,116.16,-348.3,-169.65,-186.1,346.35,-26.55,194.33
372.45,-23.25,147.14,-361.95,-126.45,-293.79,329.4,-4.95,139.15,-401.7,-105.15,-292.58,-346.2,-209.1,-251.92,316.05,18.15,185.86,-316.8,-136.95,-251.2,339.9,3.9,109.87,297.0,30.3,112.05,-304.35,-263.25,-257.49,261.3,13.2,196.99,-369.6,-111.0,-253.62,-330.15,-125.55,-252.16,336.6,-80.55,117.61,-348.45,-168.75,-186.34,345.3,-26.7,194.33
372.15,-22.65,149.31,-362.1,-127.35,-295.48,328.65,-4.95,138.91,-400.65,-106.35,-294.27,-347.4,-208.65,-252.65,315.6,18.75,185.86,-317.55,-137.1,-251.92,341.1,4.95,109.38,296.1,30.9,110.84,-305.1,-263.85,-258.21,261.75,12.75,197.23,-369.3,-110.55,-253.86,-330.9,-126.45,-252.65,336.6,-78.75,116.89,-347.7,-169.65,-187.55,345.9,-26.55,195.05
372.6,-22.8,147.86,-363.0,-125.85,-294.27,330.15,-5.25,140.6,-401.7,-104.7,-293.3,-346.8,-208.5,-251.92,315.45,17.25,184.16,-317.55,-137.4,-249.5,340.65,4.2,111.08,295.35,30.9,111.56,-306.15,-263.7,-257.73,261.45,13.05,197.47,-369.75,-112.05,-253.37,-329.55,-126.45,-254.58,336.15,-79.65,117.37,-347.4,-169.95,-186.1,346.2,-26.25,194.57
371.25,-23.7,146.65,-362.55,-127.05,-294.03,329.25,-5.25,138.42,-402.15,-105.9,-292.82,-347.1,-208.5,-252.41,314.4,18.15,185.37,-317.4,-135.75,-249.99,341.55,3.75,109.14,296.4,30.3,111.08,-305.1,-264.0,-258.7,261.75,12.9,197.96,-369.75,-110.7,-255.79,-330.6,-126.45,-254.1,336.0,-80.7,117.61,-347.7,-170.4,-186.58,346.65,-25.95,195.05
372.15,-23.25,146.41,-363.45,-125.7,-294.76,328.8,-5.7,140.36,-401.7,-105.75,-292.34,-347.25,-208.5,-252.16,314.4,18.15,184.4,-316.5,-137.1,-251.2,340.35,4.5,111.32,295.8,29.85,110.35,-305.85,-264.6,-258.7,261.3,14.25,195.54,-369.75,-110.4,-254.58,-329.7,-126.6,-252.41,336.45,-79.65,118.58,-345.9,-170.55,-186.58,346.95,-26.55,196.26
372.15,-23.55,146.89,-361.8,-126.3,-294.51,329.55,-4.65,138.67,-402.0,-105.75,-293.06,-347.4,-208.65,-251.2,315.3,18.0,185.61,-318.3,-138.75,-251.2,339.6,4.95,108.42,296.7,30.45,111.56,-304.35,-263.55,-259.18,261.6,13.65,197.71,-369.75,-109.8,-252.89,-330.0,-126.45,-253.13,335.55,-80.55,115.92,-347.4,-170.25,-185.61,347.55,-27.15,197.23
371.7,-23.1,146.17,-362.85,-126.75,-294.27,329.85,-5.1,138.67,-400.8,-105.45,-292.58,-346.2,-209.1,-250.71,315.9,18.6,186.34,-316.65,-136.8,-249.74,340.8,3.6,109.14,296.4,31.5,110.11,-305.55,-264.3,-259.42,262.2,14.25,196.75,-370.05,-111.0,-254.1,-330.45,-126.45,-252.89,337.2,-79.65,117.37,-346.65,-169.5,-186.1,346.2,-25.8,194.57
372.0,-23.1,146.17,-362.85,-126.9,-294.76,329.1,-5.55,138.67,-400.95,-105.15,-293.3,-346.65,-209.7,-251.92,315.45,18.6,186.1,-317.55,-136.95,-250.23,339.9,3.9,106.96,296.1,31.35,110.35,-305.1,-264.0,-258.21,261.0,13.5,196.75,-370.5,-110.7,-254.34,-330.6,-126.6,-251.68,336.3,-79.95,115.68,-348.15,-169.2,-187.07,347.1,-26.85,194.57
372.15,-24.15,146.89,-362.4,-126.9,-295.24,329.55,-4.95,137.7,-401.85,-105.15,-294.76,-346.35,-209.4,-250.47,315.3,18.75,184.65,-317.4,-137.25,-251.44,340.05,3.9,107.93,296.4,30.9,112.05,-304.2,-263.85,-257.73,260.4,13.5,195.78,-369.9,-110.55,-255.07,-330.3,-126.0,-253.13,335.55,-79.5,116.16,-347.7,-170.25,-187.07,346.8,-26.1,194.33
372.15,-22.95,147.38,-362.55,-128.25,-294.76,329.25,-5.7,139.15,-400.65,-104.25,-293.3,-345.75,-209.1,-252.16,315.6,18.9,184.4,-318.15,-137.4,-248.53,339.75,3.6,107.93,296.55,31.05,110.84,-305.25,-263.7,-257.97,261.3,12.75,197.96,-369.6,-110.4,-253.37,-330.15,-125.55,-252.16,336.45,-79.5,117.61,-346.2,-169.35,-186.1,346.65,-25.8,194.57
372.0,-23.25,147.62,-362.25,-126.6,-295.97,329.1,-5.7,139.63,-401.7,-104.85,-293.55,-347.25,-209.25,-251.44,315.15,17.85,184.4,-317.4,-137.55,-250.23,340.05,4.5,110.11,296.25,30.3,111.08,-305.25,-263.4,-261.36,261.0,13.2,195.78,-369.0,-110.85,-253.86,-329.4,-126.15,-255.31,337.35,-80.25,116.4,-348.0,-170.4,-184.89,347.7,-26.4,194.57
372.9,-22.35,148.83,-362.55,-126.45,-295.24,330.3,-4.95,139.39,-402.15,-105.75,-293.06,-346.65,-209.1,-251.44,315.9,18.45,183.68,-316.95,-137.25,-249.99,340.2,3.6,108.66,296.4,30.9,110.59,-305.4,-265.5,-258.7,261.75,12.6,197.96,-369.6,-110.25,-254.58,-330.75,-126.6,-252.89,336.15,-79.05,116.16,-348.6,-169.8,-186.34,346.65,-27.15,194.81
372.15,-22.95,147.86,-362.55,-126.9,-295.72,329.1,-6.0,139.63,-402.45,-105.45,-293.06,-346.8,-208.95,-252.16,314.4,18.15,185.13,-317.7,-137.85,-251.2,339.9,3.45,108.66,296.4,30.45,110.59,-305.25,-264.45,-257.97,261.75,13.05,196.5,-370.2,-111.3,-253.37,-330.6,-126.6,-252.16,336.6,-80.85,116.16,-347.25,-170.4,-187.79,347.1,-27.0,194.57
372.3,-23.25,147.38,-361.5,-126.9,-294.51,329.4,-4.95,140.36,-401.55,-104.7,-292.58,-346.35,-209.55,-250.95,315.9,18.15,186.82,-316.35,-137.4,-250.95,341.55,3.6,110.35,295.95,30.3,110.35,-306.3,-264.3,-257.73,261.6,13.65,197.71,-369.75,-110.85,-254.1,-330.75,-125.85,-253.86,335.4,-80.25,118.1,-348.0,-169.5,-187.55,346.65,-26.55,195.05
370.65,-22.95,146.65,-362.55,-126.6,-295.48,328.8,-4.8,138.67,-401.55,-104.85,-294.51,-346.05,-209.1,-252.89,315.6,18.6,185.13,-317.55,-137.55,-250.95,340.8,4.35,109.14,295.65,30.75,110.84,-305.25,-263.85,-259.18,260.4,13.8,197.47,-368.85,-110.7,-255.07,-330.75,-126.0,-253.13,337.05,-80.55,117.37,-347.7,-170.85,-185.37,346.8,-26.55,193.36
371.25,-23.55,147.14,-361.95,-126.9,-295.24,329.1,-5.4,139.63,-401.1,-104.4,-292.58,-346.65,-209.1,-251.2,315.3,17.7,185.86,-317.7,-138.0,-251.44,339.9,4.35,108.42,296.85,29.7,110.84,-305.25,-264.3,-260.15,261.6,13.65,197.96,-369.0,-111.9,-254.58,-329.55,-126.15,-252.89,335.4,-79.5,117.37,-347.4,-169.65,-189.24,346.5,-27.15,195.05
372.0,-23.55,147.14,-363.45,-127.05,-295.0,328.05,-5.4,138.42,-401.85,-104.25,-293.79,-347.55,-208.8,-252.16,315.45,18.3,184.89,-317.1,-136.95,-250.47,339.75,3.9,108.9,296.85,31.5,110.59,-305.25,-264.9,-257.97,261.9,14.4,198.68,-369.45,-110.1,-254.34,-330.3,-126.75,-253.37,335.4,-79.8,116.64,-348.0,-169.05,-187.31,346.05,-26.55,196.02
371.85,-24.0,146.65,-362.4,-126.6,-295.24,330.0,-5.25,138.91,-401.7,-105.9,-292.58,-346.2,-209.4,-250.71,316.2,16.95,185.13,-318.0,-137.1,-250.23,340.65,5.25,109.38,296.55,31.5,110.84,-304.95,-263.55,-259.18,261.75,13.95,197.47,-369.45,-111.15,-253.86,-330.9,-125.85,-253.37,336.75,-80.85,116.64,-348.3,-170.4,-187.79,346.8,-26.55,195.54
371.25,-22.95,148.1,-362.55,-126.3,-295.48,328.65,-4.5,138.42,-402.6,-106.8,-293.3,-346.8,-209.55,-252.89,316.5,18.75,185.13,-317.1,-137.4,-252.16,340.2,4.05,107.93,296.55,30.3,110.35,-304.65,-263.25,-257.73,261.3,12.6,196.99,-369.9,-109.95,-255.55,-330.9,-125.7,-253.37,335.7,-79.35,115.92,-348.45,-169.05,-186.34,346.5,-26.25,196.26
372.3,-24.0,147.14,-362.25,-126.6,-294.03,329.25,-5.1,140.12,-402.15,-105.15,-293.55,-346.5,-209.1,-251.92,315.9,17.55,185.13,-317.4,-137.25,-250.71,340.35,4.2,110.11,295.2,31.8,111.8,-304.65,-264.15,-257.49,260.7,13.8,196.5,-369.15,-110.55,-254.83,-330.6,-126.75,-252.89,336.0,-78.45,117.37,-346.95,-169.5,-188.03,346.65,-26.1,196.26
371.4,-22.95,148.35,-363.6,-126.45,-294.51,328.95,-4.65,137.7,-402.75,-105.15,-295.0,-346.65,-208.35,-251.44,314.7,17.7,184.65,-316.95,-138.3,-249.99,339.3,4.35,109.87,295.95,31.2,109.14,-304.65,-264.75,-258.46,262.05,13.05,196.99,-369.75,-109.35,-254.83,-331.35,-126.0,-253.86,335.55,-79.65,117.13,-348.3,-170.7,-184.65,346.2,-26.4,195.78
373.2,-22.65,146.89,-362.85,-127.65,-294.76,329.25,-4.5,139.88,-401.85,-105.15,-293.06,-346.8,-208.65,-251.44,315.45,18.15,185.13,-316.8,-137.4,-250.23,340.95,3.75,109.14,295.95,30.6,112.29,-305.7,-264.6,-257.73,261.15,13.05,197.47,-370.35,-110.1,-254.1,-330.9,-126.3,-252.65,336.0,-81.0,115.19,-347.4,-169.95,-186.34,346.05,-26.85,195.54
372.6,-23.1,146.41,-362.25,-126.0,-294.27,328.2,-4.95,137.46,-401.85,-105.45,-294.76,-348.0,-209.4,-251.2,316.65,18.6,185.86,-318.0,-137.55,-250.47,340.8,4.35,110.35,296.4,30.9,110.11,-304.5,-263.7,-258.94,260.85,13.2,195.29,-368.85,-110.4,-253.37,-331.2,-126.15,-254.83,337.2,-80.25,117.37,-348.15,-170.7,-187.79,346.35,-27.15,195.29
371.55,-23.7,148.1,-363.0,-126.9,-295.72,328.65,-4.35,138.67,-401.55,-105.3,-293.06,-347.25,-208.65,-251.2,314.85,17.55,185.61,-316.5,-136.95,-250.95,340.05,3.3,110.11,295.8,31.95,111.56,-305.55,-263.1,-259.42,262.5,13.95,197.71,-369.75,-111.3,-255.31,-330.15,-126.45,-252.65,336.0,-79.35,117.37,-348.15,-169.95,-186.1,346.35,-26.4,194.33
371.7,-24.15,147.62,-361.65,-127.05,-294.76,329.4,-5.85,139.15,-402.15,-104.1,-293.55,-347.1,-208.35,-253.37,316.2,18.75,185.86,-317.1,-137.4,-251.44,339.9,4.5,110.59,297.15,31.05,110.35,-304.65,-264.0,-258.94,260.85,13.2,198.44,-368.7,-110.7,-254.34,-330.75,-126.6,-254.34,337.05,-79.95,117.61,-348.3,-170.25,-187.31,345.9,-26.85,195.54
372.15,-22.95,146.65,-361.95,-126.9,-295.24,329.25,-4.95,139.39,-401.55,-105.6,-292.34,-346.8,-209.1,-250.95,315.3,18.15,184.65,-316.8,-137.85,-249.74,340.35,4.2,110.84,296.4,29.7,111.08,-305.4,-264.75,-258.94,260.7,14.25,198.2,-369.0,-111.15,-253.37,-330.75,-124.95,-251.68,337.05,-80.55,115.92,-346.95,-170.4,-186.34,346.2,-26.85,195.54
372.3,-23.7,147.38,-362.7,-127.2,-294.51,328.65,-5.25,139.39,-401.4,-105.3,-295.24,-346.95,-209.55,-253.37,315.3,17.7,185.86,-316.35,-136.35,-251.2,340.2,4.35,107.69,295.95,30.45,111.08,-305.1,-263.85,-260.39,261.3,13.8,196.75,-369.75,-111.15,-253.62,-330.9,-126.6,-254.83,336.15,-79.95,115.43,-347.55,-170.55,-187.31,346.8,-26.55,193.36
371.4,-22.5,146.41,-363.0,-126.75,-295.24,330.0,-6.45,138.67,-400.65,-105.9,-295.48,-346.5,-209.25,-251.2,316.05,18.15,186.34,-316.35,-137.85,-250.47,341.25,3.9,109.38,296.25,30.9,109.38,-305.7,-263.4,-258.46,260.4,12.3,197.47,-369.9,-109.65,-254.1,-329.85,-125.55,-254.1,335.85,-79.95,115.68,-348.0,-169.8,-186.34,347.25,-26.55,195.05
373.05,-23.1,147.38,-363.3,-125.85,-295.24,330.3,-5.7,138.42,-402.0,-104.7,-293.3,-347.1,-208.05,-252.41,314.85,18.15,186.34,-317.7,-136.95,-251.2,339.9,4.5,109.87,295.8,30.75,111.08,-305.1,-264.15,-259.42,261.6,13.8,198.2,-369.6,-111.3,-255.31,-330.15,-126.0,-254.34,336.15,-79.65,116.4,-347.55,-169.8,-186.82,346.5,-27.0,195.05
371.1,-23.25,147.14,-363.15,-126.45,-294.51,328.65,-5.4,139.88,-402.15,-105.3,-294.03,-345.9,-210.0,-251.44,315.45,17.55,184.89,-316.8,-136.35,-251.44,340.8,5.1,110.35,295.8,30.6,112.53,-305.55,-262.35,-258.21,260.4,12.75,197.47,-369.3,-110.4,-255.07,-330.0,-126.75,-253.37,336.6,-80.7,116.64,-348.9,-169.2,-185.86,346.5,-25.95,197.23
371.4,-22.95,147.86,-362.85,-126.9,-294.27,328.35,-5.4,138.42,-402.9,-105.3,-292.58,-347.55,-208.95,-252.41,314.85,18.6,184.89,-317.25,-137.55,-249.5,341.1,3.3,110.59,297.0,31.65,110.59,-304.35,-264.6,-258.94,262.5,12.75,197.71,-369.45,-110.7,-254.83,-331.2,-126.9,-254.58,336.6,-81.3,115.68,-347.7,-169.8,-187.79,346.5,-25.95,194.81
372.15,-23.25,147.14,-363.0,-126.15,-295.48,329.85,-5.25,139.39,-401.85,-105.45,-293.79,-346.65,-209.7,-251.92,315.15,17.85,186.82,-317.4,-137.85,-251.68,339.9,3.9,110.11,296.4,29.7,110.35,-304.95,-264.15,-257.73,261.0,14.55,197.71,-369.45,-110.55,-253.37,-330.45,-125.85,-253.62,336.45,-79.2,117.13,-347.4,-169.05,-186.1,346.2,-27.9,195.05
372.15,-22.2,147.14,-362.25,-126.0,-295.97,328.95,-5.1,139.88,-401.25,-106.05,-294.51,-347.1,-209.85,-251.68,315.6,16.95,185.86,-316.95,-136.95,-249.5,340.35,3.75,108.66,295.65,30.6,110.59,-303.45,-264.45,-260.63,262.35,13.2,197.23,-369.45,-109.2,-253.62,-330.9,-126.15,-253.62,336.3,-79.8,116.4,-347.7,-169.65,-187.07,346.95,-27.6,195.29
371.55,-23.25,147.38,-362.7,-127.2,-296.21,329.7,-4.8,139.88,-401.55,-104.85,-292.58,-347.55,-209.85,-251.68,315.0,17.55,185.13,-317.55,-137.55,-250.47,340.35,4.2,109.14,295.8,30.9,111.32,-304.65,-262.95,-258.94,260.1,13.35,199.17,-370.05,-110.1,-254.58,-330.45,-126.3,-255.55,337.8,-80.1,116.64,-346.65,-171.15,-186.82,347.4,-26.4,193.84
371.55,-23.1,146.41,-362.25,-126.75,-295.24,329.25,-4.95,139.39,-402.0,-105.6,-291.85,-346.5,-209.55,-251.92,315.9,18.6,185.37,-317.55,-136.8,-251.68,339.45,4.5,107.45,296.55,31.05,111.32,-304.5,-263.7,-260.39,262.35,13.8,196.99,-370.5,-110.7,-253.86,-331.5,-127.2,-254.58,336.9,-80.1,116.64,-347.55,-169.5,-185.13,346.2,-26.4,196.02
371.25,-23.4,147.62,-362.85,-126.0,-295.72,328.95,-5.1,139.88,-401.85,-104.7,-293.79,-347.4,-208.8,-252.16,315.0,17.55,185.61,-317.1,-136.95,-250.47,341.55,5.1,108.9,296.55,29.7,112.05,-304.5,-263.55,-259.18,261.6,13.65,197.23,-369.45,-110.4,-254.34,-330.15,-126.3,-253.13,336.9,-79.65,115.43,-346.8,-170.25,-187.79,346.5,-25.95,193.84
371.55,-22.65,148.35,-363.3,-127.2,-295.0,329.1,-5.7,140.12,-402.45,-105.75,-294.27,-346.35,-209.25,-250.23,314.7,17.7,184.16,-317.25,-138.45,-251.44,340.65,3.75,110.11,296.4,30.45,110.59,-304.65,-264.3,-258.94,261.9,12.75,197.47,-369.3,-112.05,-255.07,-330.6,-126.6,-252.65,335.4,-79.8,116.16,-347.1,-169.8,-185.13,346.35,-27.15,194.81
372.3,-22.8,147.14,-362.55,-126.9,-296.93,328.35,-4.05,138.67,-401.25,-105.75,-293.3,-348.0,-208.65,-250.95,315.15,17.85,185.61,-317.4,-138.0,-250.95,339.6,3.75,110.11,295.35,30.3,111.08,-305.25,-264.6,-258.94,261.15,14.1,196.99,-369.75,-109.65,-254.83,-331.5,-125.7,-254.1,336.9,-80.1,118.58,-348.0,-170.25,-186.82,345.9,-25.35,194.81
372.3,-22.95,146.41,-362.4,-127.5,-296.93,328.65,-4.8,138.42,-401.7,-105.6,-292.58,-347.25,-209.25,-251.44,315.15,17.85,185.86,-317.1,-137.7,-250.23,341.25,3.9,108.17,296.55,30.6,110.84,-304.8,-264.15,-258.94,261.45,13.5,197.71,-368.55,-110.1,-256.28,-330.75,-126.9,-253.62,337.2,-78.9,117.61,-347.55,-171.0,-185.13,345.75,-26.55,195.05
372.6,-22.35,146.41,-362.7,-127.2,-295.48,329.25,-4.05,139.39,-402.15,-106.2,-294.51,-346.8,-208.95,-250.71,316.2,19.05,186.1,-318.45,-137.25,-249.74,341.25,4.8,108.17,295.5,31.05,111.56,-306.3,-263.55,-259.18,262.35,13.65,197.23,-369.3,-110.25,-255.07,-329.7,-127.05,-254.1,336.75,-79.05,116.16,-347.1,-169.8,-187.31,345.75,-26.25,195.05
371.4,-22.65,148.1,-363.0,-126.45,-296.93,328.95,-4.2,139.15,-401.55,-104.7,-294.51,-346.35,-209.4,-250.71,315.75,17.4,184.89,-316.95,-138.6,-249.99,340.2,3.0,109.63,295.95,30.9,110.35,-304.65,-264.0,-258.7,261.45,13.5,199.17,-368.55,-111.0,-253.37,-331.05,-125.25,-253.62,335.85,-79.2,118.34,-348.6,-170.25,-186.34,345.45,-26.7,195.29
371.85,-22.8,147.62,-362.7,-126.75,-294.76,329.25,-5.7,139.63,-403.2,-105.15,-294.03,-346.05,-208.35,-249.74,315.45,17.85,183.68,-316.95,-136.65,-250.23,340.05,3.75,108.17,295.95,31.05,110.84,-305.25,-264.0,-259.18,261.6,13.05,197.71,-370.05,-110.85,-256.52,-329.25,-126.45,-254.83,336.6,-79.8,116.16,-348.15,-169.65,-189.24,346.65,-25.65,194.57
372.45,-23.25,145.44,-362.7,-127.2,-296.21,330.0,-5.25,138.91,-401.85,-105.0,-293.55,-346.8,-208.8,-251.92,315.75,17.1,185.37,-317.4,-136.2,-249.02,341.7,3.0,109.38,296.25,30.6,110.35,-305.25,-264.3,-258.21,261.9,12.75,198.2,-369.6,-110.55,-253.13,-330.15,-126.6,-254.34,336.6,-79.35,116.16,-347.55,-169.65,-187.55,346.2,-26.7,194.57
371.85,-22.35,147.86,-363.75,-127.65,-294.51,330.0,-5.25,138.67,-401.1,-104.1,-292.58,-346.95,-209.4,-251.68,315.0,18.0,185.61,-316.95,-136.65,-251.2,340.2,3.75,108.66,296.1,30.75,110.59,-304.95,-263.55,-256.76,262.2,14.25,198.68,-369.75,-109.95,-255.55,-330.75,-126.75,-254.58,336.6,-79.95,117.37,-347.7,-170.7,-186.1,345.9,-27.45,195.05
371.7,-23.1,145.44,-361.8,-126.3,-295.0,329.85,-4.5,138.42,-401.55,-105.9,-291.61,-346.95,-208.8,-250.23,316.05,18.75,184.65,-317.55,-136.35,-251.68,341.4,3.75,109.14,295.35,31.65,112.05,-304.8,-263.25,-257.49,262.5,14.1,196.26,-369.0,-110.4,-254.34,-330.75,-126.9,-253.62,336.15,-79.2,117.37,-347.55,-170.4,-187.07,346.8,-26.4,195.54
371.55,-22.2,147.86,-362.7,-126.75,-294.76,329.4,-4.95,139.63,-401.85,-105.9,-294.27,-346.2,-207.9,-251.68,316.05,18.0,185.37,-317.85,-138.3,-249.02,340.2,4.5,109.14,296.25,31.35,110.59,-305.4,-264.45,-259.91,261.15,13.5,198.2,-369.75,-110.55,-255.79,-329.55,-127.05,-252.65,336.9,-79.95,115.92,-347.4,-169.8,-185.86,346.65,-25.95,195.78
371.25,-22.8,145.93,-362.4,-126.75,-295.24,328.05,-5.1,138.67,-401.4,-105.75,-291.13,-347.25,-209.7,-254.1,315.45,19.2,183.68,-316.5,-135.9,-249.26,340.65,4.35,108.42,296.25,30.75,111.32,-304.5,-263.55,-257.97,261.0,13.35,197.96,-370.5,-111.45,-254.83,-330.6,-126.3,-252.65,336.3,-79.05,118.58,-347.25,-169.35,-187.31,347.25,-27.3,195.29
