333.15,-48.45,107.21,-366.3,-130.35,-264.75,312.3,-17.1,165.04,-410.7,-103.65,-268.62,-358.8,-223.2,-250.23,310.8,5.1,204.49,-330.0,-139.5,-216.59,353.25,8.85,128.74,295.5,23.85,116.64,-299.4,-274.95,-248.29,290.85,18.0,250.95,-367.35,-103.2,-251.92,-329.4,-129.0,-249.26,340.35,-83.4,121.73,-336.6,-169.35,-174.48,350.7,-24.45,199.65
333.6,-48.6,105.27,-366.15,-129.75,-265.72,312.3,-15.45,163.59,-410.4,-103.65,-269.1,-359.7,-223.8,-249.26,311.55,6.75,201.59,-330.3,-138.6,-216.59,356.1,9.0,128.74,293.1,24.6,117.37,-301.35,-274.5,-247.32,290.25,17.85,249.02,-367.8,-103.05,-252.16,-327.45,-129.3,-247.08,340.35,-84.45,121.73,-337.2,-169.35,-178.11,351.75,-24.15,199.41
332.4,-48.45,105.51,-367.05,-130.2,-264.99,312.0,-16.05,165.04,-410.25,-102.3,-268.14,-358.35,-223.8,-249.5,310.35,5.85,204.01,-330.0,-138.6,-215.62,355.65,10.5,129.47,294.3,23.1,117.61,-300.9,-274.05,-248.78,289.95,17.7,249.99,-367.05,-103.35,-251.2,-328.2,-129.9,-250.95,340.65,-84.15,122.69,-338.7,-169.35,-175.69,351.9,-22.95,200.13
333.45,-48.45,106.24,-366.3,-129.45,-263.3,313.2,-17.25,164.56,-411.0,-102.6,-268.14,-359.55,-222.6,-249.5,311.4,4.8,203.52,-331.2,-139.05,-216.11,354.9,9.6,128.26,293.7,25.65,117.13,-300.45,-274.65,-247.57,291.0,17.7,249.02,-366.9,-103.8,-253.13,-328.05,-128.85,-248.53,340.8,-83.4,121.97,-337.05,-168.15,-177.63,351.45,-23.7,200.62
333.0,-48.45,108.9,-366.15,-129.3,-265.96,312.3,-16.05,166.98,-410.25,-103.5,-269.35,-359.85,-222.45,-249.99,311.85,5.25,203.28,-330.3,-139.5,-216.11,354.6,10.2,129.47,293.7,23.55,117.61,-300.3,-274.2,-246.84,291.0,18.3,250.95,-367.5,-103.8,-251.92,-328.2,-129.6,-247.32,341.55,-84.0,122.94,-338.85,-168.9,-176.42,352.05,-24.45,199.65
333.75,-48.6,106.24,-366.45,-129.15,-263.78,312.9,-16.2,164.8,-410.85,-103.5,-270.07,-358.35,-222.15,-251.2,312.75,4.5,203.28,-330.45,-140.4,-215.62,354.9,9.3,129.71,294.0,24.0,116.89,-300.3,-274.8,-249.26,289.35,18.15,248.78,-367.05,-104.1,-252.41,-328.2,-129.3,-248.53,341.55,-83.55,123.42,-337.95,-169.2,-175.69,351.15,-23.7,200.38
333.3,-48.6,108.17,-366.3,-130.2,-265.23,311.85,-16.35,165.77,-410.25,-103.8,-268.38,-359.4,-222.9,-249.74,311.85,5.85,203.52,-331.2,-139.2,-214.9,355.8,9.6,127.78,293.85,23.85,119.06,-299.1,-274.2,-247.57,290.4,18.0,249.02,-367.5,-103.8,-253.13,-328.2,-129.15,-246.84,341.7,-83.85,120.76,-338.1,-168.6,-176.66,351.45,-23.4,199.89
333.15,-49.2,107.21,-366.15,-130.05,-264.26,313.2,-15.3,165.04,-410.85,-102.6,-269.35,-360.3,-222.15,-251.2,312.3,4.65,203.28,-329.1,-140.1,-215.62,354.75,10.8,128.5,294.0,24.3,116.89,-300.0,-273.9,-248.53,289.95,17.4,249.5,-367.35,-103.8,-251.68,-328.2,-129.3,-249.5,340.35,-83.4,121.97,-337.95,-169.8,-175.93,352.2,-24.6,199.65
333.75,-47.7,106.48,-366.6,-129.75,-265.47,312.3,-15.0,166.5,-410.85,-103.35,-269.1,-360.15,-222.75,-250.47,311.55,5.85,203.52,-330.0,-139.95,-215.62,355.2,8.7,128.26,292.95,24.6,116.89,-299.25,-273.75,-248.78,290.4,18.15,249.02,-368.4,-104.25,-250.23,-328.35,-127.8,-248.53,341.25,-84.0,123.18,-337.8,-169.35,-176.18,352.05,-24.9,200.62
333.15,-48.9,106.72,-365.55,-128.85,-265.47,312.75,-16.2,165.04,-411.15,-102.3,-268.38,-359.4,-222.75,-250.23,310.95,4.05,204.01,-330.15,-138.9,-216.83,354.0,9.9,129.47,293.4,24.45,117.37,-299.25,-274.5,-248.78,289.65,17.85,248.78,-367.05,-103.2,-252.65,-327.9,-129.3,-247.57,341.4,-84.15,122.69,-338.7,-169.05,-176.18,350.85,-24.45,200.13
333.0,-48.3,106.72,-366.6,-130.8,-264.75,312.0,-15.3,164.56,-408.9,-102.75,-269.35,-360.15,-222.9,-250.95,312.0,4.65,202.55,-330.75,-139.8,-215.14,354.75,9.3,128.99,293.85,25.35,116.64,-300.3,-274.5,-247.81,290.7,17.55,249.5,-367.5,-102.3,-254.1,-328.2,-128.4,-247.57,341.55,-83.85,121.97,-337.5,-169.35,-176.18,349.95,-24.45,201.59
333.6,-47.55,106.0,-366.3,-128.85,-264.99,313.35,-16.05,165.53,-410.7,-103.65,-271.28,-358.5,-222.15,-250.71,312.15,4.35,204.01,-329.85,-138.9,-212.96,355.65,9.3,128.26,293.55,24.45,118.58,-301.05,-274.95,-248.53,290.7,17.85,248.05,-367.35,-103.35,-252.16,-327.3,-128.25,-247.57,340.2,-83.7,121.24,-338.25,-169.8,-175.93,351.3,-24.6,201.83
333.45,-48.15,107.93,-367.2,-130.2,-265.47,312.75,-16.5,166.25,-410.55,-102.75,-267.65,-359.25,-222.3,-249.99,312.45,6.6,204.01,-331.8,-139.2,-215.62,355.05,9.45,128.26,294.75,24.15,118.82,-300.0,-275.25,-248.29,289.95,18.0,249.02,-367.8,-102.9,-250.95,-328.05,-129.0,-249.02,340.8,-83.4,121.97,-337.5,-169.95,-176.9,351.3,-23.85,197.47
332.85,-48.0,106.0,-366.3,-129.6,-265.96,312.0,-16.5,164.56,-411.9,-102.9,-267.89,-359.1,-223.05,-248.78,310.8,4.8,204.01,-330.9,-140.1,-215.14,354.9,9.6,129.95,293.85,24.3,118.82,-300.45,-274.5,-248.78,289.65,17.55,250.71,-366.75,-102.45,-252.41,-328.2,-129.0,-248.78,341.7,-83.7,121.0,-338.1,-169.35,-176.66,351.6,-24.0,198.92
333.3,-48.15,107.69,-365.55,-129.9,-264.75,311.85,-15.6,164.32,-409.95,-104.4,-269.59,-359.7,-221.55,-250.47,311.7,6.15,203.04,-330.45,-138.9,-214.9,355.2,9.3,128.02,294.0,23.7,117.61,-299.55,-274.8,-247.57,289.35,18.45,249.74,-367.95,-103.2,-252.16,-327.75,-128.4,-247.08,340.8,-84.9,122.21,-338.4,-169.5,-177.63,351.9,-23.25,198.68
333.15,-48.75,106.0,-366.3,-129.6,-265.23,313.5,-16.5,166.01,-411.45,-102.6,-270.07,-359.85,-222.6,-251.2,312.45,5.7,203.52,-331.05,-139.8,-214.9,355.8,9.15,128.5,293.85,24.0,117.85,-299.7,-274.95,-247.81,290.25,17.25,249.5,-368.4,-103.5,-252.89,-329.1,-128.1,-248.05,341.25,-84.15,124.15,-338.7,-169.5,-177.63,351.6,-24.6,200.38
333.45,-47.85,106.96,-366.0,-129.75,-263.78,310.8,-15.45,165.04,-409.8,-102.75,-267.89,-358.95,-222.75,-250.71,311.25,6.0,204.49,-330.3,-139.2,-214.9,354.9,10.2,128.26,293.85,24.45,117.13,-300.45,-275.25,-248.53,289.95,17.7,249.26,-368.1,-103.65,-252.89,-327.9,-129.0,-249.74,341.1,-83.4,122.45,-337.8,-168.9,-176.42,351.75,-23.7,200.62
333.45,-48.3,107.45,-365.1,-129.6,-264.75,312.3,-16.2,165.77,-410.85,-102.9,-267.17,-360.0,-222.0,-250.47,312.0,5.1,203.52,-330.15,-139.05,-215.86,355.65,10.2,128.02,293.4,23.7,117.37,-299.85,-273.6,-246.11,289.2,18.15,250.23,-367.35,-104.1,-252.41,-327.75,-128.7,-248.29,340.65,-84.6,121.48,-338.1,-169.35,-176.18,351.45,-24.9,200.13
333.45,-47.7,106.96,-367.05,-129.75,-264.26,311.85,-16.8,165.77,-410.85,-102.9,-270.31,-358.95,-223.35,-250.71,312.15,4.2,203.04,-330.3,-138.6,-215.38,355.65,9.3,128.5,294.0,23.55,117.37,-300.0,-274.65,-246.36,290.55,18.45,249.02,-367.5,-103.5,-251.68,-327.6,-127.95,-247.32,340.95,-85.05,122.69,-338.55,-169.35,-177.14,352.2,-24.15,198.92
334.65,-49.05,106.24,-366.75,-130.5,-265.47,311.25,-16.05,166.5,-410.4,-103.05,-269.83,-360.3,-223.65,-249.02,311.7,5.1,204.49,-330.45,-138.6,-215.62,355.35,8.4,129.47,294.0,23.85,117.37,-299.4,-274.95,-247.81,288.75,17.4,249.74,-367.65,-102.9,-252.41,-327.0,-128.55,-249.02,342.0,-84.15,122.69,-337.65,-169.35,-175.93,351.3,-24.0,199.17
333.6,-48.0,107.21,-366.45,-129.6,-265.47,313.05,-15.75,164.56,-411.0,-103.35,-268.86,-359.55,-222.9,-249.99,312.0,5.4,203.04,-330.15,-139.2,-215.62,354.6,9.6,130.2,293.4,24.0,119.06,-300.3,-275.4,-247.57,288.75,18.3,249.02,-367.65,-102.75,-251.2,-327.15,-129.45,-249.02,341.85,-84.75,121.73,-339.15,-168.45,-174.97,351.9,-24.75,200.38
334.8,-48.3,107.45,-366.9,-129.9,-266.68,312.6,-17.25,164.56,-409.8,-102.3,-268.14,-359.4,-223.35,-250.47,311.25,4.95,204.25,-330.3,-139.65,-216.59,355.5,9.6,128.5,293.7,24.75,116.16,-299.7,-274.35,-247.81,290.25,17.7,249.5,-367.5,-104.4,-252.16,-328.5,-129.45,-249.26,341.1,-83.4,121.48,-338.25,-168.9,-177.63,351.6,-24.75,198.92
334.05,-47.55,107.45,-366.75,-130.05,-265.72,312.9,-16.05,164.32,-411.0,-104.55,-269.1,-359.1,-222.6,-250.23,311.1,4.8,203.28,-330.75,-139.2,-216.59,355.8,9.45,129.23,293.25,24.15,118.1,-300.3,-274.2,-246.11,289.8,17.1,247.32,-368.1,-102.9,-250.71,-328.05,-128.85,-249.02,340.8,-84.0,122.69,-337.65,-168.6,-177.14,351.45,-24.0,199.89
333.3,-48.0,107.93,-365.1,-130.05,-265.72,312.75,-15.75,165.53,-410.25,-103.05,-267.89,-359.7,-223.05,-249.5,311.7,5.4,204.73,-330.3,-138.6,-215.14,355.5,8.85,127.53,294.15,24.15,119.06,-300.6,-273.75,-248.29,290.1,16.8,249.26,-368.4,-103.8,-252.41,-328.2,-128.4,-249.02,340.5,-83.7,121.73,-337.8,-168.6,-175.69,352.35,-25.05,200.13
333.15,-46.65,106.24,-365.7,-129.15,-264.99,311.85,-16.5,165.53,-411.0,-101.7,-267.41,-357.45,-222.9,-250.95,312.45,5.25,203.52,-330.3,-138.9,-216.35,355.2,9.45,129.47,294.15,23.25,116.89,-300.6,-276.15,-248.53,289.05,17.7,247.57,-367.95,-103.35,-251.92,-327.75,-129.0,-247.32,341.1,-84.75,121.97,-337.95,-170.25,-175.69,350.1,-24.45,200.62
333.15,-48.0,106.0,-366.6,-129.75,-265.96,312.0,-15.6,164.32,-410.7,-103.2,-269.1,-359.55,-222.45,-250.47,312.15,4.35,204.97,-329.85,-139.5,-215.14,355.65,9.6,128.99,293.25,23.25,117.13,-300.15,-274.5,-247.32,288.75,16.95,248.78,-367.5,-103.8,-251.44,-329.25,-129.6,-247.32,341.25,-84.45,121.73,-337.5,-169.5,-176.66,351.6,-25.35,199.65
332.85,-48.0,105.51,-366.0,-129.15,-265.47,313.05,-16.8,164.8,-410.7,-103.05,-269.1,-358.8,-223.65,-250.23,311.85,4.95,204.49,-330.45,-139.65,-215.14,355.95,10.05,129.47,293.25,23.4,117.37,-299.25,-274.95,-249.02,290.4,18.15,249.99,-367.95,-102.3,-252.65,-328.05,-129.0,-249.02,341.85,-83.85,120.76,-338.1,-169.35,-177.14,350.7,-24.3,201.1
334.5,-46.8,106.24,-366.0,-129.0,-265.72,312.45,-16.65,165.29,-411.15,-102.75,-268.14,-360.45,-223.05,-249.74,312.0,4.65,202.55,-330.45,-139.35,-215.14,354.9,8.55,127.53,293.7,23.7,116.89,-300.0,-274.35,-248.53,289.95,17.85,250.47,-367.05,-104.25,-252.89,-328.05,-127.95,-247.57,341.25,-84.3,122.69,-338.25,-169.05,-176.42,351.3,-24.15,200.13
332.7,-48.75,107.93,-366.3,-129.3,-265.47,311.55,-15.75,165.53,-411.9,-103.5,-266.93,-358.5,-223.5,-250.95,312.0,5.25,204.49,-330.15,-139.65,-215.62,354.3,10.5,128.99,294.15,24.75,117.85,-299.7,-275.1,-247.32,289.65,17.85,248.78,-367.35,-104.55,-252.16,-328.35,-128.7,-250.47,341.85,-84.15,123.18,-337.35,-169.35,-175.93,352.05,-24.6,201.34
334.65,-48.3,107.69,-366.15,-129.3,-265.72,312.45,-15.75,164.8,-411.3,-102.75,-267.65,-358.35,-222.15,-249.74,310.65,4.65,203.28,-330.6,-139.8,-215.14,355.65,8.7,128.74,293.25,23.7,117.61,-300.3,-275.25,-247.57,289.8,18.6,249.99,-366.75,-103.8,-253.13,-328.05,-129.9,-248.29,341.1,-84.3,121.97,-337.65,-168.6,-176.66,351.45,-24.9,199.41
334.05,-47.1,105.27,-367.05,-129.15,-265.47,312.0,-17.4,165.04,-410.4,-102.75,-267.41,-358.95,-222.9,-250.47,311.25,5.1,204.97,-330.3,-138.9,-214.9,355.2,9.6,129.23,294.75,24.15,119.06,-299.85,-275.1,-248.29,290.7,17.4,250.23,-367.95,-103.95,-253.13,-327.75,-129.3,-249.5,340.95,-84.15,120.76,-337.8,-168.9,-176.66,350.55,-24.0,199.41
333.15,-48.45,106.72,-366.75,-129.3,-266.44,311.85,-15.15,165.29,-411.15,-103.2,-267.65,-360.0,-222.9,-251.44,311.55,5.25,204.01,-330.15,-138.45,-216.11,355.05,9.6,127.29,293.85,24.6,118.58,-299.55,-274.5,-247.57,290.25,17.25,250.47,-367.35,-104.1,-252.41,-328.05,-129.15,-247.08,341.7,-84.15,122.21,-337.35,-168.6,-175.45,350.7,-23.4,200.13
333.45,-47.7,106.96,-365.7,-128.85,-264.26,312.0,-16.35,166.01,-410.1,-103.05,-267.89,-359.25,-223.5,-249.99,311.55,4.95,205.22,-329.55,-140.1,-214.41,355.2,9.45,128.02,294.0,23.55,118.1,-301.05,-275.25,-248.05,290.25,18.15,250.47,-367.65,-103.65,-252.16,-328.05,-128.55,-249.74,342.45,-83.55,121.48,-337.35,-168.3,-177.63,351.15,-23.7,200.13
333.9,-47.25,106.48,-366.6,-129.75,-266.44,312.45,-15.75,166.74,-411.3,-103.2,-269.59,-359.25,-223.05,-249.5,311.85,5.55,203.76,-330.6,-139.65,-214.41,355.35,10.35,127.78,294.0,23.1,117.13,-299.85,-273.6,-247.57,289.95,17.25,249.26,-367.35,-102.9,-251.68,-328.5,-128.85,-248.29,340.65,-84.0,123.42,-338.1,-168.15,-176.42,352.2,-24.3,200.13
333.75,-47.4,106.96,-366.9,-128.7,-265.72,312.9,-15.3,165.53,-411.75,-102.3,-269.83,-358.5,-222.15,-252.16,311.55,5.1,204.01,-330.15,-139.95,-214.65,355.35,9.9,128.26,292.65,24.75,116.16,-300.45,-274.35,-247.81,289.35,16.8,249.99,-367.05,-103.8,-252.89,-327.6,-129.0,-249.02,339.75,-84.0,123.9,-337.05,-169.95,-176.66,351.15,-23.55,199.41
334.2,-48.45,107.45,-367.2,-129.0,-264.75,312.75,-15.9,164.56,-409.8,-103.2,-268.86,-359.25,-222.75,-248.53,312.15,5.55,203.04,-330.15,-139.8,-217.07,354.75,9.3,128.02,292.95,23.7,119.31,-300.75,-274.8,-248.53,289.8,17.1,250.47,-367.65,-103.2,-252.16,-329.55,-128.85,-248.53,341.25,-83.85,122.69,-337.8,-169.8,-175.69,351.0,-24.0,200.38
333.45,-49.2,105.75,-366.3,-129.45,-265.47,310.95,-16.35,165.53,-411.3,-103.95,-266.68,-358.95,-222.3,-250.23,311.4,4.65,203.04,-329.7,-139.95,-216.83,355.65,8.7,128.26,294.75,23.4,117.37,-300.75,-274.95,-247.57,289.8,17.85,250.47,-367.05,-103.95,-253.13,-327.0,-128.55,-249.99,341.55,-83.4,122.69,-337.65,-169.2,-176.18,351.0,-22.8,201.1
332.85,-48.0,108.42,-367.65,-129.3,-264.75,311.85,-15.9,166.01,-411.15,-103.2,-269.1,-359.55,-223.2,-250.47,311.7,4.35,204.49,-330.9,-140.25,-214.9,355.05,9.9,127.05,293.4,24.0,117.61,-300.0,-275.4,-247.32,289.65,17.4,249.26,-366.9,-104.1,-251.44,-328.05,-127.8,-249.02,341.55,-84.3,120.76,-338.55,-169.05,-177.39,352.65,-24.15,199.65
334.5,-47.55,106.0,-365.85,-129.15,-264.75,312.0,-16.8,166.25,-410.55,-104.1,-267.65,-358.95,-222.6,-249.99,312.45,5.85,203.76,-329.85,-139.2,-216.11,354.75,10.2,128.26,293.55,23.7,118.1,-300.9,-273.6,-245.87,290.55,18.0,248.78,-367.35,-103.35,-251.68,-328.2,-128.4,-247.81,341.1,-83.85,120.76,-337.35,-169.35,-174.48,350.4,-24.45,200.13
333.3,-47.85,107.21,-366.6,-129.6,-264.99,312.75,-16.35,165.04,-411.45,-103.2,-269.59,-359.7,-222.3,-250.23,312.0,5.25,203.76,-330.75,-137.85,-214.9,355.35,9.9,129.71,294.15,25.35,117.13,-299.25,-275.1,-247.57,290.1,16.65,249.74,-366.6,-103.2,-252.65,-327.3,-130.2,-249.26,340.65,-85.05,122.45,-337.8,-169.2,-175.45,352.2,-24.45,200.38
333.45,-47.85,107.45,-365.4,-129.0,-264.75,312.75,-16.35,166.25,-410.4,-102.9,-266.44,-358.95,-221.55,-250.47,310.65,5.85,204.01,-331.05,-139.95,-216.83,354.15,8.25,127.78,293.55,24.45,116.4,-299.85,-274.5,-247.81,291.0,17.7,249.99,-366.6,-103.05,-251.44,-327.75,-128.55,-247.81,340.8,-82.8,121.73,-337.05,-168.0,-175.93,350.85,-24.15,198.44
333.75,-47.1,106.96,-366.0,-129.0,-263.05,312.15,-15.45,165.53,-411.75,-102.6,-267.65,-358.95,-222.75,-251.2,311.55,6.0,204.01,-330.45,-138.0,-217.32,355.2,9.15,129.47,293.7,24.75,118.58,-300.9,-275.25,-248.05,289.95,17.55,249.26,-367.65,-103.65,-251.68,-327.6,-128.4,-248.05,340.65,-84.75,123.42,-338.7,-169.8,-176.18,350.7,-23.85,199.89
333.3,-48.0,106.72,-366.45,-129.15,-264.02,312.45,-16.8,166.25,-410.55,-101.55,-268.14,-358.95,-222.75,-250.95,311.55,6.3,204.73,-330.0,-139.2,-215.14,354.9,10.2,128.26,294.0,24.9,117.37,-299.4,-274.8,-248.29,289.8,16.65,248.05,-367.05,-104.1,-250.23,-328.5,-128.7,-248.53,340.65,-84.45,122.69,-337.65,-169.2,-176.66,351.15,-23.4,200.13
332.7,-47.4,106.96,-366.0,-129.0,-266.93,312.75,-16.2,164.8,-410.85,-103.5,-268.14,-359.25,-222.0,-250.23,312.75,6.0,203.04,-329.85,-138.75,-214.41,354.45,8.7,130.68,292.2,24.9,118.1,-299.7,-275.1,-247.08,289.95,17.1,249.26,-366.75,-103.35,-250.47,-329.4,-130.05,-249.02,340.8,-83.55,121.97,-338.1,-169.2,-175.45,351.6,-24.0,200.86
335.1,-46.95,106.24,-365.85,-130.65,-265.23,312.15,-15.6,166.74,-410.85,-103.2,-266.68,-357.45,-223.2,-251.92,312.0,4.95,202.8,-330.45,-138.9,-215.62,354.9,9.6,128.99,293.7,23.7,117.13,-299.55,-274.05,-246.36,290.1,17.7,248.78,-367.5,-103.65,-252.16,-328.2,-128.25,-246.36,340.95,-84.15,124.63,-337.8,-168.9,-175.45,351.6,-24.0,201.1
334.5,-48.3,107.21,-366.45,-128.85,-265.72,312.15,-15.75,165.53,-411.15,-102.75,-268.86,-358.95,-222.9,-248.53,312.3,5.85,202.55,-330.9,-139.05,-214.9,356.25,9.45,128.5,293.7,24.0,115.92,-300.15,-274.5,-247.08,289.95,17.4,250.47,-367.2,-104.4,-253.13,-328.05,-129.0,-249.26,341.25,-83.7,122.69,-337.8,-169.8,-175.45,352.8,-24.45,201.1
333.3,-47.4,108.17,-366.0,-129.3,-265.96,312.75,-16.8,165.29,-411.15,-103.35,-267.89,-359.1,-222.75,-251.2,311.4,5.25,203.04,-330.6,-139.65,-214.65,355.5,9.0,128.5,292.95,24.0,118.82,-300.3,-274.95,-245.87,290.1,17.4,249.99,-367.8,-103.35,-252.41,-327.3,-128.55,-247.81,340.8,-85.35,122.69,-338.55,-168.9,-174.97,351.6,-24.3,199.89
333.9,-47.55,107.69,-366.3,-129.45,-264.51,311.85,-15.6,166.5,-410.55,-102.6,-267.17,-358.65,-223.8,-249.99,311.25,4.35,204.97,-330.6,-138.9,-215.62,355.2,9.0,128.74,295.65,24.15,117.85,-300.15,-274.65,-248.05,289.65,17.1,250.47,-368.1,-103.5,-252.89,-327.3,-128.55,-248.05,340.8,-84.15,122.21,-338.1,-169.05,-175.93,351.3,-24.15,200.38
333.3,-48.3,107.21,-366.9,-129.45,-265.72,312.3,-15.6,166.5,-410.7,-102.45,-268.62,-358.35,-223.05,-248.53,312.15,4.8,204.01,-330.15,-139.35,-215.38,355.2,9.0,126.81,293.4,24.75,116.64,-298.95,-274.35,-249.02,289.65,18.15,250.23,-367.35,-103.8,-249.5,-327.9,-128.1,-247.81,341.4,-83.7,120.52,-337.35,-169.2,-175.45,351.6,-24.0,200.86
334.2,-48.45,107.21,-366.75,-129.15,-267.41,313.05,-15.9,166.25,-410.85,-102.45,-267.65,-358.8,-223.5,-249.99,311.85,6.15,204.25,-331.05,-137.7,-215.86,354.75,9.3,128.02,294.6,23.1,117.61,-300.3,-274.95,-246.84,289.35,18.0,248.78,-366.3,-103.5,-252.89,-327.9,-127.95,-248.29,341.55,-84.6,122.45,-337.8,-168.3,-176.66,352.2,-24.75,201.59
