374.4,-27.6,155.12,-357.15,-129.3,-278.06,334.35,2.25,158.51,-387.3,-90.45,-283.14,-339.15,-211.8,-245.39,323.55,16.2,192.87,-316.2,-120.45,-229.9,365.4,14.1,95.59,301.8,30.0,111.8,-292.5,-262.2,-256.28,296.25,37.65,230.14,-356.1,-113.4,-294.51,-325.05,-125.25,-252.65,339.3,-76.65,115.68,-345.3,-156.0,-187.31,315.0,-27.45,142.05
374.25,-28.2,156.09,-357.0,-129.6,-279.51,333.0,2.4,160.93,-387.6,-90.75,-281.2,-338.4,-212.4,-244.9,323.1,15.6,193.6,-315.0,-119.85,-229.9,366.3,15.75,95.59,301.65,30.15,112.05,-293.1,-261.45,-256.52,295.5,36.9,229.9,-356.85,-114.0,-295.24,-324.75,-124.65,-253.62,339.45,-75.75,114.95,-344.85,-156.3,-189.97,315.6,-27.6,142.78
374.1,-27.45,154.64,-357.15,-129.6,-277.82,334.05,4.05,159.48,-389.55,-91.5,-283.14,-338.85,-211.95,-245.87,322.8,16.05,193.36,-314.25,-119.25,-229.9,364.65,14.85,95.35,302.55,29.25,113.5,-293.25,-261.6,-254.83,295.95,36.3,230.63,-356.55,-114.15,-297.18,-325.5,-124.65,-253.37,339.9,-75.75,113.26,-346.5,-156.15,-189.73,315.9,-28.95,141.33
374.85,-27.45,156.33,-356.85,-129.3,-277.82,333.9,1.5,159.24,-389.55,-90.9,-282.41,-339.0,-212.55,-246.6,322.35,16.05,193.84,-315.15,-120.6,-229.42,366.15,14.55,95.83,301.2,28.95,113.26,-292.8,-262.2,-256.52,295.35,36.75,229.42,-356.4,-114.45,-295.0,-325.05,-124.8,-253.13,340.35,-75.6,113.74,-345.45,-157.05,-188.28,315.3,-27.75,142.3
375.15,-28.5,157.06,-357.15,-129.6,-276.36,331.95,3.45,161.9,-387.6,-91.2,-281.69,-339.3,-212.1,-244.18,322.05,15.75,195.29,-315.15,-120.45,-229.66,365.55,15.3,96.56,302.1,28.8,113.5,-292.35,-261.75,-255.79,296.55,37.35,229.17,-356.7,-113.7,-295.24,-325.5,-124.2,-252.16,340.35,-75.75,113.74,-344.4,-156.6,-189.24,315.45,-27.45,142.05
374.25,-27.75,156.57,-357.15,-129.15,-279.51,333.45,2.55,158.99,-387.6,-91.2,-283.38,-339.15,-213.6,-244.42,321.9,15.45,194.81,-316.05,-119.25,-229.17,366.6,14.4,95.59,302.25,29.7,112.53,-292.8,-260.7,-254.58,296.25,36.9,230.38,-357.45,-114.15,-296.21,-325.95,-125.4,-252.41,339.6,-76.5,114.71,-344.1,-156.3,-190.21,314.85,-27.45,141.09
373.65,-27.3,156.57,-358.35,-129.6,-278.78,333.0,3.0,159.24,-389.4,-91.65,-282.41,-337.5,-212.7,-245.15,322.5,16.8,194.81,-315.15,-119.1,-230.38,366.15,15.15,95.83,302.4,28.95,114.22,-291.6,-261.9,-254.83,295.65,37.2,229.9,-356.7,-113.55,-296.21,-324.9,-125.25,-253.13,339.0,-78.0,114.71,-344.55,-155.7,-189.24,315.6,-28.2,142.05
374.25,-28.65,154.64,-358.05,-129.75,-279.51,334.2,2.4,160.93,-388.8,-91.2,-282.41,-338.7,-213.15,-245.63,322.8,16.95,194.08,-316.8,-121.2,-230.63,366.15,14.55,94.62,301.8,29.55,112.05,-292.8,-261.6,-255.07,296.4,37.05,230.14,-355.8,-112.8,-295.48,-325.5,-124.95,-253.62,339.75,-76.5,114.47,-345.45,-156.6,-190.21,315.45,-27.9,143.26
375.0,-28.05,155.61,-356.85,-129.3,-278.06,333.45,2.4,159.48,-388.05,-89.7,-282.17,-338.1,-213.0,-243.69,322.05,15.45,193.84,-315.45,-119.1,-231.35,366.45,14.7,94.62,301.95,29.4,113.5,-292.2,-262.2,-254.58,296.7,36.45,230.38,-356.1,-113.85,-295.24,-325.65,-124.65,-251.92,341.1,-76.65,113.5,-345.45,-157.05,-189.97,315.45,-28.05,144.47
375.0,-28.35,155.36,-356.4,-129.75,-279.03,332.85,3.0,159.24,-388.35,-90.6,-283.62,-337.95,-212.55,-243.21,324.15,15.75,193.36,-314.7,-119.4,-231.84,365.1,14.85,96.07,302.7,28.65,111.32,-293.4,-261.9,-255.55,295.8,36.6,228.93,-355.65,-112.8,-294.76,-325.65,-125.7,-253.86,339.15,-75.75,113.98,-345.3,-156.9,-190.21,316.05,-28.5,142.3
374.85,-28.05,156.33,-357.45,-129.15,-278.54,333.6,1.95,159.72,-388.95,-92.55,-281.69,-339.15,-211.65,-244.9,322.35,15.9,193.84,-315.45,-120.0,-230.87,366.15,15.6,94.62,301.65,29.7,112.29,-292.65,-261.9,-255.55,296.7,36.15,229.42,-357.15,-113.55,-294.76,-325.35,-124.05,-253.13,340.05,-75.6,114.22,-346.05,-156.9,-189.73,315.3,-28.5,142.78
374.4,-27.75,154.64,-357.3,-129.3,-277.57,334.5,3.0,159.72,-388.5,-91.05,-282.9,-339.15,-214.2,-245.15,322.8,16.5,194.81,-315.3,-120.45,-230.63,365.4,14.7,95.35,301.2,30.3,111.8,-291.9,-262.2,-255.55,295.8,36.9,228.93,-356.7,-113.85,-296.45,-325.8,-124.2,-251.92,339.75,-76.35,113.74,-346.35,-156.6,-189.73,315.15,-27.75,142.54
375.15,-27.75,154.15,-357.45,-129.75,-277.57,332.25,3.3,159.96,-388.05,-91.5,-283.38,-339.3,-213.0,-245.39,323.25,15.45,194.81,-315.0,-120.75,-230.87,366.45,15.15,97.28,302.1,29.1,113.26,-292.5,-260.85,-255.55,295.05,35.7,227.96,-356.4,-114.6,-294.51,-324.9,-125.1,-254.1,340.65,-76.2,113.98,-345.15,-157.05,-189.24,315.6,-26.85,143.75
374.7,-28.05,155.36,-356.85,-129.6,-278.54,332.7,3.3,161.41,-389.1,-91.2,-282.41,-339.15,-211.95,-244.9,322.2,16.35,193.84,-314.55,-120.45,-231.35,366.15,15.0,95.11,301.35,29.7,112.05,-292.8,-261.6,-254.83,296.1,36.75,229.42,-356.4,-112.95,-294.27,-325.95,-124.05,-252.41,340.8,-76.2,114.71,-344.4,-156.75,-187.79,315.3,-27.9,143.99
375.6,-28.65,154.64,-356.85,-129.45,-279.27,333.45,1.8,159.72,-388.65,-92.1,-282.17,-338.4,-212.25,-243.94,321.9,15.15,193.6,-316.2,-120.0,-230.87,366.75,14.55,97.28,302.1,30.0,112.77,-293.55,-260.85,-256.28,294.75,37.35,227.96,-355.95,-113.85,-295.48,-325.95,-124.65,-252.16,339.6,-76.5,114.22,-346.5,-155.85,-189.0,314.7,-28.65,144.47
375.0,-27.75,156.57,-356.55,-129.0,-278.3,333.75,2.55,159.24,-387.9,-90.9,-281.93,-338.85,-211.8,-245.87,322.2,16.8,195.29,-315.0,-120.15,-230.38,366.0,15.15,95.59,301.65,29.1,112.53,-292.95,-262.8,-254.83,295.95,36.6,230.63,-356.25,-113.4,-295.48,-325.5,-124.5,-251.44,339.45,-75.6,114.95,-344.7,-156.6,-189.24,315.3,-28.05,142.54
375.15,-27.45,157.54,-357.3,-129.45,-277.33,334.65,2.55,161.9,-387.6,-91.5,-283.14,-339.0,-212.1,-245.15,322.05,15.9,193.6,-315.0,-120.75,-228.93,366.9,14.55,94.14,302.25,29.55,113.98,-292.2,-262.2,-255.55,296.25,37.5,229.66,-357.3,-114.15,-294.76,-325.5,-125.7,-253.37,340.95,-75.0,114.22,-345.45,-156.3,-189.97,315.45,-27.9,142.05
374.85,-28.35,156.09,-356.7,-128.7,-278.3,333.6,2.55,160.2,-389.1,-90.6,-281.45,-339.75,-213.0,-244.18,322.35,15.45,192.63,-315.0,-120.15,-230.14,366.15,15.45,95.59,301.5,29.4,113.98,-293.55,-261.45,-256.28,295.95,36.6,229.42,-358.05,-114.15,-294.27,-326.4,-124.5,-252.16,340.2,-75.45,115.19,-345.15,-155.85,-188.52,315.45,-28.05,141.81
374.4,-28.65,156.57,-356.7,-129.0,-278.54,333.3,2.25,159.96,-387.75,-91.5,-283.62,-338.25,-212.7,-245.63,321.3,16.2,193.12,-315.15,-119.7,-229.17,366.0,15.45,96.56,302.85,29.4,113.98,-292.2,-261.3,-255.07,296.1,36.9,229.42,-357.6,-114.3,-295.24,-325.8,-126.15,-253.37,339.6,-76.5,115.92,-345.75,-155.7,-189.0,316.05,-28.35,142.54
374.55,-26.7,157.3,-356.4,-129.6,-279.03,333.15,2.25,158.99,-388.65,-90.0,-283.14,-339.3,-211.65,-245.15,321.9,16.05,194.33,-315.0,-120.0,-231.11,365.55,14.1,94.14,301.35,29.4,111.8,-292.8,-262.05,-256.52,296.7,36.3,229.66,-357.3,-113.4,-296.69,-325.2,-125.7,-251.68,340.35,-76.35,114.71,-345.15,-156.45,-189.97,315.3,-27.45,142.78
374.55,-28.05,154.64,-356.1,-130.65,-277.82,333.75,2.7,159.96,-388.5,-91.2,-282.9,-339.3,-211.5,-245.15,322.35,15.9,194.57,-314.55,-120.75,-230.38,366.75,15.15,94.38,302.25,29.55,111.8,-292.2,-262.2,-256.52,296.25,36.6,230.38,-357.6,-113.85,-294.03,-324.6,-125.7,-252.89,339.45,-75.75,113.74,-345.45,-156.0,-190.45,315.15,-27.6,143.75
374.85,-26.4,155.61,-356.55,-128.7,-279.75,333.3,3.75,159.96,-387.9,-90.9,-281.2,-339.45,-212.1,-245.63,321.75,15.3,193.84,-315.9,-120.15,-229.9,365.55,14.85,95.35,301.65,28.65,111.08,-292.8,-261.9,-255.31,296.7,36.6,230.63,-357.75,-114.15,-294.51,-326.85,-125.55,-253.37,338.7,-76.5,113.01,-345.75,-156.45,-190.45,315.9,-27.15,142.54
374.1,-27.15,155.85,-357.3,-129.3,-278.78,333.9,2.25,159.48,-389.7,-91.05,-283.62,-337.8,-212.7,-244.18,322.2,16.05,194.33,-313.95,-120.9,-229.9,366.15,15.0,95.35,302.25,28.35,113.01,-294.15,-261.9,-255.31,296.25,36.75,231.59,-356.7,-113.7,-295.24,-325.35,-123.9,-253.13,340.5,-75.15,113.26,-345.3,-156.45,-189.0,314.85,-27.3,143.26
374.4,-28.35,155.36,-357.15,-129.6,-278.54,333.3,2.7,160.45,-388.8,-91.8,-283.62,-339.0,-212.4,-246.36,323.4,16.2,193.6,-315.45,-120.6,-229.42,366.45,15.15,96.07,301.95,28.8,112.53,-293.1,-261.75,-257.49,295.95,36.6,229.42,-356.1,-113.7,-295.24,-325.95,-123.75,-254.83,340.05,-75.45,114.95,-345.0,-156.15,-189.73,315.3,-28.35,142.54
374.85,-28.2,155.12,-357.15,-128.55,-277.33,333.75,1.35,159.96,-387.6,-90.15,-281.2,-338.55,-212.55,-245.87,322.35,15.75,194.81,-315.9,-120.15,-230.63,365.4,14.4,95.59,301.8,29.4,112.53,-292.65,-262.2,-255.55,296.1,36.45,230.38,-357.15,-113.25,-295.97,-326.4,-124.65,-251.44,339.9,-76.05,113.26,-346.35,-156.9,-190.45,315.45,-27.45,143.99
373.2,-28.2,155.61,-357.0,-129.6,-277.09,333.6,3.45,160.45,-388.5,-92.4,-283.38,-338.7,-211.5,-245.63,323.55,15.75,194.33,-315.6,-119.55,-229.66,366.0,15.0,94.14,302.55,29.4,113.98,-293.4,-261.45,-256.04,295.8,37.35,230.14,-357.75,-114.45,-295.48,-324.75,-125.25,-252.89,340.2,-75.75,114.71,-345.6,-156.75,-189.0,315.15,-28.95,143.26
374.25,-27.9,156.33,-356.85,-129.3,-278.78,334.35,1.95,160.93,-388.65,-91.2,-282.41,-339.6,-213.3,-245.63,322.35,15.6,195.05,-315.6,-119.4,-230.87,366.6,13.5,95.59,301.65,30.0,113.26,-292.65,-262.5,-255.07,297.15,36.9,229.9,-356.85,-114.6,-294.76,-326.25,-125.55,-253.62,339.45,-76.2,113.74,-345.15,-156.3,-187.31,315.15,-27.75,143.02
374.4,-27.6,153.91,-357.15,-129.6,-279.51,333.75,2.4,160.2,-387.6,-90.9,-284.59,-339.15,-211.95,-244.9,322.5,14.25,194.57,-315.45,-119.55,-230.87,366.15,14.1,93.17,301.95,30.0,112.53,-292.65,-262.2,-254.83,295.8,36.45,228.45,-357.0,-113.85,-294.51,-325.95,-124.2,-252.65,340.5,-77.1,114.95,-345.15,-156.15,-189.24,314.7,-28.2,143.75
373.8,-27.75,156.09,-357.3,-129.45,-278.3,333.9,1.95,161.41,-388.5,-90.45,-282.66,-338.1,-211.95,-244.18,322.35,15.75,193.12,-315.3,-120.45,-228.93,366.15,15.3,96.32,302.7,29.85,113.5,-292.65,-262.2,-256.28,295.5,37.5,231.11,-357.3,-113.25,-296.45,-324.6,-125.4,-251.68,340.05,-76.2,114.95,-344.7,-156.9,-188.76,314.7,-28.2,141.81
374.25,-28.65,155.61,-356.4,-129.75,-279.51,331.8,2.4,160.69,-389.1,-92.25,-282.66,-339.6,-211.2,-245.63,322.35,14.85,194.33,-315.3,-119.7,-230.38,366.9,14.55,96.32,302.7,29.1,111.08,-293.25,-261.45,-255.31,297.3,37.05,229.17,-357.45,-114.45,-294.76,-325.35,-124.95,-252.65,339.75,-75.15,114.22,-344.55,-156.3,-188.76,315.9,-27.45,142.05
375.0,-27.6,154.88,-356.7,-130.05,-278.06,333.6,3.6,160.69,-387.45,-91.95,-282.66,-338.85,-212.1,-245.15,322.35,15.45,193.36,-315.75,-119.85,-229.66,366.0,15.15,95.59,301.65,28.2,112.05,-292.8,-261.6,-255.79,296.1,36.9,230.87,-356.85,-113.7,-295.97,-325.05,-125.4,-251.68,340.65,-75.75,114.95,-345.15,-157.05,-189.73,314.7,-28.05,142.3
374.7,-28.65,155.85,-356.55,-129.15,-277.82,334.95,2.7,161.41,-388.5,-91.95,-282.66,-339.75,-212.1,-246.11,323.4,15.45,193.84,-316.95,-120.9,-229.17,366.15,15.15,94.62,301.8,30.0,112.77,-291.75,-261.3,-256.52,295.95,37.5,230.63,-356.25,-113.55,-295.0,-325.65,-124.2,-252.89,340.2,-76.95,114.95,-345.45,-156.75,-188.76,315.45,-28.35,143.99
374.55,-27.6,156.82,-357.9,-129.45,-278.54,333.0,2.25,161.17,-388.2,-91.8,-282.9,-339.3,-212.55,-244.66,322.95,16.5,194.57,-315.3,-120.0,-232.08,366.0,14.85,95.35,302.1,29.7,113.01,-294.0,-261.75,-255.07,295.35,35.85,229.9,-357.0,-113.55,-294.27,-324.9,-124.2,-252.89,340.5,-75.9,115.19,-345.15,-156.75,-189.73,316.35,-28.05,143.26
375.0,-28.05,154.64,-357.3,-129.75,-278.78,333.75,3.6,159.96,-388.5,-91.35,-281.69,-339.0,-212.55,-242.97,322.2,15.9,194.57,-316.05,-119.55,-229.9,366.75,14.55,95.35,302.4,29.7,112.29,-292.05,-261.75,-254.83,296.1,37.8,230.14,-356.7,-114.3,-295.48,-325.05,-124.65,-252.16,340.8,-76.05,113.74,-344.55,-156.0,-188.76,315.45,-28.2,141.57
373.65,-27.15,156.57,-357.45,-130.65,-278.54,333.15,2.4,158.03,-388.5,-90.75,-283.14,-339.45,-213.6,-246.11,323.4,14.85,194.81,-316.2,-120.15,-230.14,365.1,14.7,95.35,302.55,28.5,113.5,-292.8,-261.6,-256.28,295.5,36.45,230.87,-357.6,-112.95,-295.48,-325.2,-125.1,-252.65,339.0,-75.9,114.47,-346.05,-156.75,-188.52,315.15,-29.4,142.78
375.15,-29.4,153.91,-357.6,-129.0,-278.06,333.9,1.65,159.96,-388.35,-90.45,-282.41,-339.75,-212.85,-244.42,322.65,16.5,193.84,-315.3,-119.55,-230.14,365.7,14.7,96.32,301.8,29.55,112.29,-293.25,-261.45,-255.79,295.35,36.3,230.14,-356.55,-114.6,-295.48,-326.4,-125.25,-252.89,340.35,-76.2,115.19,-345.45,-157.5,-190.21,315.6,-27.45,143.51
374.7,-28.5,155.85,-357.75,-128.85,-278.3,333.0,2.85,158.75,-389.4,-90.9,-282.9,-339.45,-213.0,-245.15,322.05,15.9,195.05,-315.6,-120.6,-231.35,366.9,14.7,94.62,301.65,30.0,112.77,-292.05,-261.3,-255.31,297.0,37.2,229.42,-357.9,-114.9,-295.48,-326.25,-124.8,-253.86,339.9,-76.35,114.22,-346.35,-156.9,-189.97,315.0,-27.3,141.81
374.85,-27.75,155.36,-356.7,-130.5,-278.06,332.7,2.4,160.45,-387.45,-91.35,-283.38,-339.3,-213.0,-244.66,322.8,16.2,195.29,-315.75,-119.4,-231.11,367.35,14.4,93.65,301.95,28.95,112.05,-293.25,-261.3,-254.34,296.1,36.3,228.69,-356.85,-113.7,-296.21,-324.9,-124.65,-254.34,340.5,-75.6,114.71,-345.45,-158.1,-189.97,315.3,-28.65,143.75
374.1,-28.2,156.33,-357.15,-129.0,-278.06,333.6,3.6,158.27,-387.75,-92.25,-281.2,-339.6,-212.55,-246.36,323.4,16.35,193.6,-315.15,-120.15,-229.66,366.15,15.0,94.38,302.1,29.25,112.77,-292.5,-262.2,-254.58,295.5,36.75,229.66,-356.25,-113.85,-295.48,-325.05,-124.65,-252.89,339.6,-76.35,113.5,-345.6,-155.85,-188.03,315.6,-28.2,142.54
374.7,-27.15,155.36,-356.7,-129.75,-278.54,333.6,1.95,158.75,-389.1,-90.75,-281.45,-339.0,-212.1,-244.66,323.25,16.5,194.57,-314.85,-119.25,-229.9,365.25,15.75,94.86,301.05,29.1,112.29,-292.5,-261.45,-256.04,296.1,37.2,228.93,-356.4,-114.75,-296.21,-325.95,-125.7,-251.68,339.15,-76.2,115.43,-346.35,-156.6,-190.45,315.75,-27.6,142.78
374.85,-27.45,155.61,-356.7,-128.4,-276.61,334.65,2.1,159.96,-388.35,-90.15,-282.41,-338.7,-212.7,-244.42,322.2,15.3,194.33,-315.0,-119.55,-230.38,365.4,15.3,96.56,301.95,29.55,113.74,-292.05,-262.35,-256.76,296.25,36.75,229.42,-357.6,-113.55,-295.97,-325.65,-124.65,-252.16,340.35,-76.95,113.98,-345.9,-156.75,-189.49,315.15,-28.5,143.75
373.65,-28.2,154.88,-357.3,-129.0,-277.33,332.85,2.85,158.51,-387.9,-91.8,-281.93,-338.7,-213.0,-246.36,322.2,15.45,193.84,-315.9,-120.15,-230.38,365.85,14.7,95.35,302.4,28.5,113.26,-293.4,-263.25,-257.0,296.25,36.9,229.66,-356.1,-114.75,-296.21,-324.75,-125.4,-253.86,340.2,-75.6,115.43,-344.4,-156.3,-189.0,315.0,-28.35,143.75
375.3,-29.25,155.36,-356.7,-130.05,-277.57,333.15,3.45,160.93,-388.2,-90.3,-280.96,-339.9,-213.0,-245.63,322.95,15.0,193.84,-314.85,-119.25,-229.9,366.45,15.15,96.07,300.75,29.85,112.05,-292.65,-261.6,-256.04,295.95,36.9,229.17,-356.25,-113.7,-295.24,-325.95,-125.55,-253.62,339.6,-75.6,113.5,-346.05,-155.25,-189.0,314.7,-28.2,142.54
374.7,-28.05,155.12,-357.3,-129.6,-277.33,333.3,2.85,160.69,-388.5,-91.5,-281.69,-339.9,-213.6,-246.6,323.1,15.15,192.39,-315.15,-119.85,-230.63,365.55,15.0,93.41,301.2,28.95,112.77,-293.85,-261.45,-255.79,295.35,35.7,229.66,-357.75,-113.25,-296.93,-326.4,-125.1,-253.13,339.45,-75.9,112.05,-345.15,-156.3,-188.28,314.4,-29.4,143.02
374.7,-27.15,156.57,-357.6,-129.6,-279.03,333.45,1.95,160.2,-388.35,-90.6,-283.14,-340.05,-212.25,-243.45,321.6,16.2,193.12,-315.3,-119.55,-228.93,366.15,15.3,95.11,302.7,29.7,113.26,-292.65,-261.0,-253.37,295.8,36.6,228.93,-356.85,-113.4,-296.69,-324.75,-124.8,-251.44,341.7,-76.05,113.98,-344.4,-157.35,-189.73,315.3,-27.75,143.26
374.7,-27.3,155.36,-356.85,-128.85,-277.82,332.4,3.75,162.14,-388.65,-91.8,-282.41,-339.0,-213.0,-246.84,323.25,16.05,191.91,-315.15,-120.6,-229.42,366.6,14.4,96.32,302.4,29.55,111.8,-292.5,-261.45,-255.31,295.35,37.5,229.9,-357.45,-113.85,-295.48,-324.45,-125.85,-254.1,340.35,-75.75,113.98,-345.15,-155.4,-188.76,314.4,-28.65,143.02
375.3,-27.9,155.85,-357.45,-129.45,-277.57,333.9,2.55,160.45,-386.25,-90.9,-282.66,-339.75,-212.7,-245.15,322.65,16.2,196.26,-314.4,-120.6,-231.35,366.0,15.75,96.8,302.25,29.4,113.01,-292.5,-261.45,-256.04,296.25,36.75,229.66,-357.3,-113.25,-294.76,-325.2,-124.35,-253.13,339.6,-75.9,113.74,-345.0,-157.5,-188.28,315.6,-28.5,142.05
374.25,-28.05,157.06,-357.15,-129.3,-279.03,334.35,3.0,159.72,-388.05,-91.2,-283.38,-338.25,-212.1,-244.18,322.5,16.5,192.63,-315.45,-120.6,-230.87,365.85,15.15,95.83,303.15,30.3,113.98,-292.65,-261.0,-257.0,295.5,37.05,228.21,-357.0,-113.1,-295.48,-326.55,-125.85,-253.86,340.05,-76.2,114.47,-345.45,-156.75,-189.24,316.2,-28.35,142.05
374.4,-27.45,153.67,-356.1,-129.0,-279.03,334.2,4.65,159.24,-388.35,-90.45,-281.93,-339.6,-212.25,-245.63,323.25,15.6,195.05,-314.7,-120.15,-228.93,367.05,14.55,94.38,302.7,29.1,112.53,-292.05,-261.9,-256.04,296.55,37.35,229.17,-357.6,-113.85,-294.76,-324.75,-125.55,-252.89,339.3,-75.75,113.98,-345.75,-157.05,-188.76,314.55,-28.05,142.54
374.85,-28.95,154.15,-356.4,-129.15,-279.27,333.6,1.5,161.17,-388.5,-90.75,-282.17,-339.3,-212.55,-245.39,322.8,16.35,194.08,-315.45,-119.25,-231.84,366.45,15.6,93.65,301.95,28.65,112.77,-293.25,-261.45,-257.25,295.5,36.9,231.11,-355.95,-114.45,-295.24,-326.7,-124.65,-251.92,339.9,-75.45,115.19,-345.15,-155.4,-188.03,315.0,-29.1,143.02
