353.7,-26.1,146.41,-381.15,-135.15,-287.74,305.55,-13.5,157.06,-413.25,-104.25,-272.25,-354.0,-213.75,-245.87,306.15,9.0,197.71,-331.5,-135.9,-217.8,350.4,9.9,125.6,293.4,25.95,117.37,-299.7,-271.5,-245.63,286.95,18.75,246.36,-368.7,-103.05,-250.71,-326.55,-127.05,-247.57,341.25,-83.4,121.73,-337.8,-168.45,-176.42,349.35,-22.35,198.68
354.15,-27.6,145.93,-381.45,-135.6,-289.43,304.2,-13.95,154.64,-414.15,-103.65,-273.7,-353.25,-215.55,-244.18,307.35,9.6,199.65,-330.75,-136.05,-215.62,349.65,8.85,124.87,293.4,25.95,117.13,-299.55,-270.75,-246.11,285.75,18.9,247.81,-368.1,-102.3,-252.16,-326.1,-126.75,-248.05,339.9,-81.9,121.97,-337.8,-166.5,-176.66,349.2,-23.55,199.89
355.05,-27.15,145.93,-380.55,-136.2,-288.95,304.35,-13.35,157.78,-413.1,-102.75,-274.19,-352.8,-215.1,-243.45,306.75,10.05,197.96,-331.05,-135.0,-214.65,350.1,9.6,124.87,294.6,28.35,120.03,-299.4,-271.65,-245.87,286.95,18.45,247.08,-367.95,-102.6,-252.65,-325.95,-126.45,-246.11,339.9,-82.65,121.24,-337.8,-168.0,-175.69,350.1,-23.85,198.92
355.2,-27.45,146.17,-381.45,-134.7,-289.19,303.6,-12.0,156.57,-413.55,-105.0,-272.73,-353.25,-215.55,-243.69,305.25,8.55,199.65,-331.65,-137.1,-215.62,350.85,9.6,126.08,293.85,25.95,117.85,-298.95,-270.75,-247.57,286.8,19.2,246.6,-368.55,-102.3,-253.13,-326.25,-127.35,-246.84,340.2,-82.95,121.97,-337.8,-167.1,-175.93,350.25,-23.85,200.13
354.0,-26.85,146.17,-381.6,-135.3,-289.19,304.2,-13.5,156.82,-414.15,-103.65,-273.94,-352.95,-214.2,-245.39,306.3,9.3,198.2,-331.65,-136.8,-214.65,348.9,9.15,125.11,294.9,25.65,117.13,-299.25,-270.75,-246.6,285.45,19.5,247.32,-366.6,-102.6,-253.37,-326.25,-127.5,-246.84,339.9,-82.5,122.94,-338.55,-166.95,-174.48,349.65,-23.7,197.71
355.65,-27.0,147.14,-380.7,-135.75,-288.22,305.25,-13.5,157.54,-415.05,-103.95,-273.7,-353.25,-216.45,-244.42,306.6,7.95,197.23,-331.05,-136.95,-215.62,349.8,10.5,124.39,294.9,26.25,118.82,-299.85,-270.3,-244.9,287.25,18.6,247.08,-368.85,-103.05,-253.62,-326.85,-126.6,-247.57,339.6,-82.8,120.03,-337.5,-166.65,-175.93,349.65,-22.35,198.92
354.15,-26.85,145.2,-381.0,-135.45,-287.98,305.25,-13.5,158.03,-413.4,-103.05,-273.94,-354.6,-214.35,-244.66,306.45,8.85,197.47,-331.2,-135.6,-216.83,350.7,9.3,125.11,295.05,26.25,118.82,-298.8,-270.45,-246.11,286.65,18.9,247.08,-368.1,-101.7,-250.95,-325.95,-127.35,-246.6,339.45,-82.8,122.21,-337.35,-167.25,-174.72,349.65,-23.7,200.62
355.05,-27.75,144.72,-381.3,-136.05,-290.64,303.3,-14.4,155.12,-413.1,-102.9,-273.7,-354.15,-214.65,-244.18,306.0,9.45,198.2,-331.35,-135.75,-216.11,349.35,10.95,125.11,295.2,26.7,115.68,-298.8,-270.75,-244.42,286.35,19.05,246.36,-368.4,-103.65,-252.89,-326.4,-126.75,-246.36,340.05,-82.35,122.45,-337.65,-167.85,-176.42,350.4,-23.1,201.34
354.75,-26.7,145.93,-379.95,-136.05,-288.22,304.95,-13.05,156.33,-413.7,-103.95,-272.49,-352.95,-214.95,-244.18,306.3,9.9,199.17,-330.9,-136.8,-215.62,350.1,10.8,124.39,294.15,26.25,118.34,-300.45,-271.65,-246.11,286.35,19.05,246.11,-367.65,-101.7,-252.65,-325.95,-127.05,-249.5,339.75,-82.8,122.69,-338.1,-167.25,-176.66,350.1,-24.0,198.44
354.75,-28.05,145.68,-380.4,-135.6,-288.71,303.6,-12.6,157.78,-413.4,-104.4,-274.43,-354.45,-214.5,-245.63,307.05,9.6,198.92,-330.75,-136.8,-215.14,350.4,8.55,125.84,293.85,26.7,117.13,-299.1,-270.9,-246.6,286.5,19.5,247.08,-367.35,-102.75,-253.13,-326.55,-126.3,-246.6,340.05,-82.95,121.73,-337.95,-167.55,-176.9,349.8,-24.15,198.44
355.65,-27.0,144.23,-382.5,-137.4,-287.01,304.5,-12.15,156.33,-414.45,-103.05,-274.19,-353.25,-214.8,-244.42,306.0,9.45,199.17,-331.65,-136.65,-215.14,350.25,8.7,122.69,294.75,27.3,116.64,-299.25,-270.75,-245.39,286.05,18.75,246.84,-368.1,-102.6,-252.65,-325.2,-126.45,-246.36,339.45,-82.2,122.45,-336.75,-167.1,-176.66,349.95,-23.4,199.41
355.5,-26.25,145.93,-381.3,-136.5,-288.95,304.5,-13.2,155.85,-414.15,-103.8,-272.49,-353.4,-214.95,-245.63,306.45,9.9,197.96,-331.5,-137.4,-216.35,348.9,9.9,124.39,294.3,25.5,118.58,-298.65,-271.5,-246.6,286.5,19.8,248.05,-367.5,-103.5,-252.89,-325.95,-126.3,-247.08,339.6,-82.05,120.76,-337.35,-167.25,-175.69,349.65,-22.5,198.92
353.85,-26.4,144.96,-380.25,-135.9,-288.46,304.2,-13.95,158.51,-412.95,-103.2,-272.49,-352.8,-214.95,-244.66,305.85,9.45,197.23,-331.8,-136.65,-215.86,349.5,8.55,124.87,295.05,26.25,118.1,-299.1,-271.05,-247.57,285.6,17.55,247.32,-368.4,-102.6,-252.41,-326.1,-126.15,-245.87,339.9,-83.4,121.48,-337.5,-166.65,-176.66,349.35,-24.0,198.68
355.05,-26.4,146.41,-380.4,-135.45,-288.95,303.75,-13.8,156.82,-413.85,-104.85,-272.25,-354.3,-214.8,-244.42,305.4,9.15,197.47,-329.85,-135.9,-215.38,349.5,9.0,125.36,294.75,27.45,117.13,-298.95,-270.6,-245.15,286.2,19.05,246.6,-366.45,-102.15,-252.65,-325.5,-126.9,-248.29,339.0,-81.75,122.94,-337.35,-167.55,-176.18,349.8,-23.7,199.65
355.65,-27.0,145.93,-381.15,-135.6,-288.46,303.45,-14.4,157.54,-414.3,-104.25,-272.49,-354.75,-215.55,-243.21,306.6,9.0,197.96,-331.35,-136.05,-215.86,350.1,9.6,125.84,294.0,26.85,118.34,-299.55,-271.65,-245.39,286.35,18.3,246.36,-367.35,-103.05,-252.41,-327.0,-128.25,-248.05,339.6,-81.6,120.76,-338.25,-167.1,-177.63,349.2,-22.95,199.41
356.25,-26.55,146.17,-380.7,-136.65,-287.98,304.2,-13.8,156.57,-414.3,-104.55,-273.94,-355.2,-214.8,-243.69,306.6,8.85,197.71,-331.8,-136.95,-215.62,350.4,9.75,124.15,294.45,27.3,117.61,-299.25,-271.5,-245.39,286.5,19.95,248.78,-370.05,-102.15,-251.44,-325.95,-126.6,-246.84,340.8,-83.25,121.24,-336.75,-167.7,-176.42,349.05,-23.7,199.17
353.7,-26.25,145.93,-380.1,-136.8,-287.74,304.8,-12.3,157.78,-412.5,-103.95,-273.22,-355.05,-213.45,-246.84,306.0,8.85,196.5,-330.6,-136.05,-214.41,350.1,9.3,124.39,295.35,26.4,117.85,-299.7,-271.5,-247.08,287.55,19.8,245.15,-367.5,-102.0,-252.41,-325.2,-127.5,-247.81,340.65,-82.5,121.24,-337.2,-167.25,-176.9,348.9,-22.35,198.68
354.3,-26.4,144.72,-382.05,-135.9,-289.43,304.2,-13.05,155.12,-412.8,-104.4,-273.94,-353.1,-214.5,-244.66,306.6,8.55,197.23,-331.35,-136.35,-214.41,350.55,9.75,125.6,293.4,25.2,117.61,-299.1,-269.85,-245.15,287.25,18.9,247.08,-368.7,-101.4,-252.89,-326.4,-126.45,-247.81,339.6,-82.35,121.0,-338.85,-166.95,-177.63,349.05,-23.55,198.92
355.5,-26.7,145.93,-380.85,-136.2,-288.22,304.05,-13.8,155.12,-413.4,-103.2,-273.22,-353.85,-214.95,-244.66,306.0,9.15,198.92,-331.65,-136.95,-215.38,350.25,9.15,127.05,294.3,26.25,118.34,-299.4,-270.3,-245.63,286.2,19.05,245.87,-369.0,-102.0,-251.44,-326.25,-126.3,-246.6,339.45,-81.75,121.73,-337.05,-167.7,-176.66,350.1,-22.35,198.2
354.3,-26.85,146.41,-380.55,-135.15,-288.46,303.45,-12.9,156.57,-414.45,-103.65,-273.46,-353.1,-214.35,-242.97,306.0,9.0,197.23,-330.6,-137.55,-215.62,350.85,9.0,125.11,294.45,26.4,117.37,-298.65,-271.2,-246.11,287.1,19.65,247.32,-367.5,-102.45,-252.65,-326.1,-126.75,-247.81,339.45,-82.2,121.0,-337.35,-167.25,-174.48,349.95,-23.1,198.2
353.7,-26.55,145.93,-381.15,-135.15,-288.71,303.75,-12.6,156.82,-414.15,-103.8,-272.98,-354.75,-214.65,-242.97,306.3,9.3,197.23,-331.05,-136.05,-214.41,349.65,10.2,124.87,293.7,26.85,117.37,-298.65,-270.0,-246.6,286.95,17.7,246.84,-368.7,-103.05,-252.65,-326.1,-126.9,-248.53,339.9,-82.8,121.97,-337.35,-167.25,-175.69,349.05,-22.65,198.44
354.75,-27.6,147.14,-380.4,-135.6,-288.95,304.5,-13.65,158.75,-412.65,-105.0,-273.7,-353.4,-214.65,-243.69,305.25,8.7,196.99,-331.2,-135.9,-215.62,349.35,9.75,126.57,294.0,27.3,116.89,-299.1,-269.7,-246.6,285.6,19.35,246.84,-367.65,-103.2,-252.41,-326.25,-125.7,-247.08,339.9,-82.35,120.27,-338.4,-166.95,-174.72,349.8,-22.5,198.92
354.9,-27.3,146.65,-379.95,-135.6,-289.19,304.35,-12.45,157.06,-412.95,-104.25,-272.98,-353.1,-213.9,-244.66,307.95,9.6,198.92,-330.9,-137.25,-214.41,350.4,9.45,126.08,294.3,26.4,117.37,-298.8,-271.05,-246.11,286.5,18.9,247.32,-367.8,-102.0,-252.41,-326.1,-126.6,-246.84,339.6,-83.1,120.27,-337.8,-167.55,-177.14,349.65,-22.5,199.41
354.6,-26.55,145.68,-380.25,-135.6,-287.01,304.35,-11.7,155.85,-412.65,-103.5,-272.01,-354.3,-214.95,-243.21,305.85,9.15,197.96,-331.2,-137.1,-215.86,350.4,9.45,124.63,294.15,27.0,116.64,-298.65,-271.35,-246.6,286.65,19.35,248.05,-369.15,-100.95,-250.71,-325.95,-126.6,-247.57,340.35,-83.1,121.0,-337.95,-167.55,-176.18,348.75,-22.8,199.65
355.8,-27.15,145.44,-380.55,-135.0,-287.74,304.8,-12.3,156.09,-413.55,-104.4,-274.67,-353.85,-214.35,-243.94,307.05,9.15,198.92,-330.45,-136.95,-215.86,349.5,9.0,125.11,294.9,26.7,117.37,-298.8,-271.5,-246.36,286.35,18.9,245.63,-368.7,-101.7,-252.89,-325.65,-127.05,-247.57,339.75,-82.5,122.45,-337.2,-167.4,-177.39,349.35,-23.1,199.17
355.05,-26.55,145.68,-380.1,-137.1,-289.92,304.35,-13.2,158.03,-413.55,-104.4,-274.67,-354.15,-214.35,-243.69,305.85,9.15,197.23,-331.2,-136.2,-216.11,350.25,9.75,124.15,294.15,25.8,118.1,-298.65,-270.3,-246.11,286.2,19.5,247.57,-368.1,-102.6,-251.44,-326.55,-128.1,-246.36,340.5,-83.85,120.52,-336.75,-166.8,-175.21,349.2,-23.25,198.2
355.5,-26.85,146.17,-380.4,-135.6,-287.98,304.8,-14.4,158.27,-413.7,-104.25,-273.94,-354.75,-215.25,-244.18,306.9,8.85,198.2,-330.6,-136.8,-216.11,350.25,9.6,125.11,294.6,25.95,117.85,-298.5,-270.0,-246.11,285.9,18.45,247.08,-368.4,-101.55,-252.16,-326.55,-127.5,-247.08,339.9,-81.75,121.48,-338.25,-166.65,-176.66,349.65,-23.4,199.65
354.45,-26.25,144.96,-381.15,-136.2,-289.67,305.85,-13.2,158.27,-413.25,-104.25,-273.7,-353.1,-214.2,-243.21,305.7,8.85,198.2,-330.6,-136.35,-216.83,349.35,9.75,123.9,293.7,27.45,118.34,-299.55,-269.7,-245.15,285.45,18.9,247.57,-369.15,-101.55,-253.13,-326.4,-127.05,-249.02,340.35,-82.8,122.94,-337.8,-166.95,-174.97,349.65,-23.55,198.2
354.45,-27.6,146.65,-380.7,-135.6,-287.98,304.65,-12.9,156.82,-413.55,-104.1,-273.46,-353.4,-214.8,-244.9,307.35,8.4,197.71,-330.0,-136.65,-214.9,350.4,9.45,125.6,292.8,26.4,116.89,-298.2,-271.05,-244.42,286.5,19.65,247.08,-369.15,-102.45,-251.68,-325.5,-127.2,-247.81,339.9,-81.75,121.97,-338.25,-167.4,-175.69,349.35,-23.1,198.68
355.8,-26.7,144.96,-380.7,-135.6,-287.74,304.8,-13.8,156.57,-412.65,-104.55,-273.7,-353.7,-215.25,-245.87,306.45,8.25,198.44,-331.65,-136.8,-216.59,351.0,9.45,124.87,294.3,26.7,117.61,-300.0,-270.75,-246.11,286.05,18.3,247.08,-368.1,-102.6,-251.68,-326.55,-126.15,-247.08,339.3,-82.65,122.45,-337.5,-166.65,-175.45,350.1,-23.4,198.92
354.15,-26.4,144.47,-381.0,-136.35,-288.46,304.5,-12.9,158.03,-414.6,-104.85,-274.91,-352.8,-213.9,-244.42,306.3,9.45,198.44,-331.8,-137.4,-214.9,349.8,10.05,124.63,294.75,26.55,117.37,-298.8,-270.0,-246.6,286.65,18.9,246.84,-368.25,-101.55,-251.44,-325.8,-127.05,-248.78,339.6,-82.5,121.73,-337.8,-167.85,-175.45,350.4,-24.0,201.1
355.05,-26.7,147.14,-381.15,-136.95,-287.98,304.2,-12.15,157.3,-414.15,-102.9,-271.77,-353.4,-215.85,-246.11,306.45,9.3,198.44,-329.7,-135.45,-214.41,349.5,10.2,125.11,294.0,26.25,117.37,-299.7,-271.2,-245.39,285.9,18.9,246.84,-368.25,-102.45,-251.68,-326.7,-127.65,-245.87,340.2,-82.8,123.18,-337.5,-166.8,-176.66,349.2,-23.85,197.47
355.05,-26.55,146.41,-380.7,-136.5,-289.43,304.95,-14.1,156.33,-412.5,-102.9,-273.46,-353.85,-214.65,-245.87,306.45,9.6,197.23,-331.8,-136.65,-216.11,350.25,9.9,124.39,295.2,26.4,117.37,-299.55,-270.3,-246.11,285.9,18.45,247.81,-369.6,-102.3,-252.41,-325.8,-126.3,-248.05,339.9,-82.5,121.48,-338.85,-167.85,-175.69,350.55,-23.55,197.71
354.45,-26.25,146.89,-381.75,-135.6,-286.29,304.05,-12.9,157.54,-413.4,-103.8,-273.22,-353.85,-214.65,-245.39,306.15,8.85,198.92,-332.1,-136.95,-216.11,349.5,9.75,126.32,294.15,28.05,117.37,-299.4,-270.6,-247.08,286.35,19.65,247.32,-368.4,-101.55,-252.89,-325.65,-127.2,-246.84,338.85,-82.8,120.76,-338.4,-166.8,-175.69,348.9,-24.45,198.2
355.05,-26.25,146.65,-381.45,-136.2,-288.22,304.35,-12.15,157.54,-412.35,-103.95,-273.94,-352.95,-214.05,-246.11,306.0,9.15,197.47,-331.8,-137.25,-217.07,350.7,9.15,124.87,293.55,26.7,117.13,-299.4,-270.75,-246.11,286.95,19.8,247.08,-368.4,-102.45,-252.65,-326.4,-126.45,-247.81,338.25,-82.35,121.48,-338.25,-168.15,-175.45,350.25,-24.15,199.65
355.05,-26.1,145.93,-380.55,-135.3,-288.95,304.5,-13.2,155.61,-413.7,-104.25,-272.98,-352.5,-215.4,-245.63,306.6,8.4,195.54,-331.65,-137.25,-214.17,350.1,10.05,124.63,293.85,26.25,118.82,-299.55,-270.9,-245.63,286.8,18.6,247.08,-367.95,-102.3,-252.89,-326.4,-126.75,-247.08,339.75,-82.95,119.31,-337.35,-166.95,-176.66,349.35,-22.95,197.23
354.45,-26.7,146.41,-380.1,-136.5,-287.98,304.65,-13.2,155.61,-413.85,-104.55,-273.46,-352.95,-215.1,-245.63,306.3,8.7,199.89,-331.8,-136.8,-214.17,349.8,10.35,124.87,294.15,27.0,117.13,-299.25,-270.15,-245.87,286.35,18.75,247.57,-367.95,-103.95,-252.65,-327.45,-126.15,-247.81,339.9,-81.0,119.55,-336.6,-167.4,-175.21,350.7,-23.4,198.44
354.6,-26.1,145.2,-380.25,-135.45,-288.22,304.5,-12.75,157.06,-411.9,-104.4,-273.7,-354.3,-214.65,-245.39,306.45,8.7,197.47,-330.9,-136.65,-214.9,349.8,10.65,125.36,294.15,28.05,119.06,-298.65,-271.8,-245.39,286.2,19.5,246.36,-367.65,-103.05,-253.13,-325.8,-125.7,-248.05,339.45,-83.25,120.76,-338.85,-168.15,-176.18,350.25,-22.95,199.41
354.15,-27.15,145.68,-380.4,-135.75,-288.71,303.9,-12.9,155.85,-413.55,-104.4,-274.91,-354.6,-214.2,-244.42,305.85,9.45,198.92,-331.95,-136.05,-216.11,350.1,8.85,124.63,294.3,26.1,116.89,-299.4,-271.5,-245.87,286.65,19.05,245.63,-368.85,-102.0,-252.89,-326.1,-126.6,-246.6,340.2,-82.2,122.45,-338.1,-167.4,-174.0,349.5,-23.55,199.41
354.75,-28.2,146.41,-380.25,-135.75,-288.46,303.9,-13.8,158.03,-414.3,-104.1,-272.98,-353.1,-214.95,-244.9,306.45,8.55,197.23,-330.6,-136.8,-215.38,349.95,10.05,125.11,293.25,26.25,116.64,-299.25,-270.75,-244.9,286.5,18.45,247.08,-368.1,-102.6,-252.41,-325.8,-127.2,-247.32,339.15,-82.5,122.69,-337.95,-168.3,-175.69,349.05,-23.7,199.17
354.3,-25.5,146.89,-381.0,-136.05,-289.19,304.65,-14.4,157.3,-413.55,-104.55,-272.98,-354.9,-214.5,-243.69,306.6,9.15,199.17,-331.2,-137.1,-214.9,350.25,9.75,123.42,294.45,26.25,116.16,-298.05,-270.3,-246.6,286.2,18.75,245.87,-368.1,-102.3,-252.16,-325.95,-124.95,-247.32,339.3,-82.8,121.73,-338.4,-167.4,-175.21,349.65,-24.15,199.65
354.75,-27.75,145.68,-380.1,-135.9,-288.95,304.05,-12.6,156.57,-414.45,-103.65,-274.43,-354.6,-215.1,-245.15,305.55,9.15,198.68,-330.6,-135.3,-216.35,351.0,9.45,124.63,294.3,27.6,117.37,-299.85,-271.8,-247.08,287.25,18.3,246.6,-368.55,-101.85,-252.16,-326.4,-126.6,-246.84,340.2,-84.0,122.45,-338.85,-166.65,-176.42,348.45,-23.25,198.68
354.6,-26.55,146.17,-381.15,-136.65,-287.98,304.35,-13.8,155.36,-413.7,-103.65,-273.7,-352.95,-215.25,-243.69,306.9,9.6,197.23,-331.5,-135.9,-216.83,350.1,9.15,125.11,294.0,25.65,118.82,-299.25,-270.9,-245.87,286.8,18.15,246.84,-367.35,-101.4,-250.95,-326.85,-127.5,-247.32,339.75,-83.4,121.97,-337.65,-167.4,-176.18,349.35,-23.25,198.92
354.75,-26.85,146.17,-381.45,-135.6,-287.98,304.05,-13.05,157.54,-413.25,-103.8,-272.73,-352.95,-214.65,-244.18,306.3,9.3,197.96,-331.2,-136.2,-214.9,350.7,9.15,126.08,294.15,26.25,116.16,-298.65,-270.45,-246.11,286.5,19.2,246.11,-369.0,-102.6,-253.13,-327.0,-126.75,-247.08,339.0,-82.05,122.21,-338.55,-167.55,-174.24,349.35,-23.25,197.96
355.95,-26.7,147.38,-381.15,-136.05,-287.74,304.05,-13.2,158.27,-412.8,-102.75,-272.01,-353.85,-214.8,-244.42,307.2,9.6,197.71,-330.9,-137.1,-215.86,350.7,9.0,125.84,293.7,27.15,117.13,-299.1,-271.2,-246.11,286.2,19.2,248.29,-368.25,-102.15,-252.65,-325.95,-125.55,-247.32,339.6,-83.7,121.24,-336.75,-167.55,-176.18,349.8,-23.4,198.68
354.45,-26.1,147.14,-380.85,-136.05,-288.71,304.65,-13.2,155.61,-414.15,-104.1,-273.22,-352.65,-215.1,-242.73,306.9,8.85,198.68,-331.95,-135.75,-215.62,350.1,9.45,125.11,294.15,26.25,115.92,-299.85,-269.7,-245.63,287.4,17.7,247.81,-367.95,-102.3,-252.89,-325.8,-126.15,-245.87,339.15,-82.05,121.97,-337.65,-167.7,-175.21,349.95,-22.8,197.96
354.6,-26.7,146.41,-381.15,-135.0,-289.19,303.6,-13.5,158.03,-413.7,-103.65,-274.19,-353.55,-214.8,-243.45,306.3,7.8,197.96,-331.5,-136.8,-214.9,350.4,10.05,126.81,294.15,26.1,118.34,-300.0,-270.75,-247.08,285.45,19.05,245.87,-368.25,-102.6,-251.92,-326.1,-127.05,-246.84,340.2,-82.05,121.24,-339.0,-167.25,-176.66,349.2,-23.1,199.65
355.8,-26.55,146.41,-380.25,-136.65,-287.5,303.75,-12.75,156.33,-412.2,-104.4,-272.25,-353.1,-215.7,-244.9,306.75,10.05,198.2,-332.1,-137.1,-217.56,350.25,9.6,123.66,294.45,26.4,118.58,-298.65,-270.45,-246.84,285.45,19.65,246.84,-367.95,-102.9,-252.89,-326.85,-127.2,-249.26,339.45,-82.65,121.48,-338.7,-167.25,-176.9,349.8,-22.95,198.44
355.95,-26.85,144.96,-380.7,-135.15,-288.22,303.9,-13.8,157.3,-412.8,-102.9,-273.46,-352.95,-214.95,-244.18,306.0,8.85,197.47,-331.2,-135.9,-214.41,349.65,9.6,126.08,294.0,27.0,117.37,-299.1,-269.7,-245.15,286.65,18.9,247.08,-368.4,-101.85,-251.44,-325.5,-125.85,-246.36,338.85,-83.1,120.27,-337.95,-167.55,-175.93,349.5,-22.95,198.2
354.9,-27.45,145.93,-380.55,-135.9,-287.25,303.6,-12.75,156.82,-413.7,-104.25,-272.49,-353.85,-213.75,-242.97,306.0,9.45,198.2,-331.8,-136.35,-214.9,349.35,9.9,125.6,293.55,26.85,117.37,-298.5,-271.35,-245.39,286.05,19.2,247.08,-367.8,-102.9,-252.16,-325.8,-127.2,-248.05,339.75,-82.5,121.73,-338.25,-167.25,-175.45,349.8,-23.55,200.13
