387.0,-41.25,147.14,-350.4,-150.3,-280.24,329.25,-16.95,174.24,-397.2,-102.0,-258.7,-322.95,-232.95,-266.93,332.1,-12.0,186.34,-310.2,-148.05,-215.14,362.25,1.5,130.44,309.75,7.2,78.41,-286.95,-295.05,-268.14,302.55,2.55,242.24,-362.4,-123.75,-257.0,-320.1,-149.25,-287.74,342.75,-105.0,100.67,-334.8,-185.85,-185.13,355.95,-36.3,197.23
387.3,-40.5,145.44,-350.85,-149.4,-278.3,330.75,-18.15,172.79,-397.2,-102.9,-258.21,-323.85,-231.9,-267.41,331.65,-11.1,189.0,-311.4,-148.65,-215.38,362.25,1.65,131.65,310.05,7.65,80.1,-285.45,-294.0,-266.93,301.5,2.25,240.06,-361.95,-123.45,-257.49,-319.95,-149.4,-289.67,342.6,-104.25,100.67,-334.95,-187.2,-184.4,354.75,-34.95,196.26
387.3,-39.9,146.41,-349.8,-150.3,-278.78,330.3,-17.7,172.79,-397.65,-102.0,-259.42,-323.55,-233.25,-267.65,332.4,-11.85,189.0,-312.45,-147.45,-213.69,362.55,1.8,131.89,310.35,7.5,77.68,-285.75,-294.45,-268.38,302.7,3.9,242.24,-363.15,-123.15,-257.25,-318.9,-148.95,-287.98,342.6,-103.8,102.12,-335.85,-186.15,-185.86,355.5,-36.15,196.99
387.15,-41.7,147.86,-350.25,-150.15,-279.03,329.85,-17.85,172.79,-397.2,-100.95,-259.18,-322.95,-232.65,-267.17,331.2,-12.0,188.03,-311.1,-148.2,-216.11,363.15,1.65,129.47,309.9,8.1,76.96,-285.6,-295.05,-265.72,302.7,2.85,241.03,-361.8,-123.45,-257.97,-319.95,-149.1,-288.95,343.05,-105.45,102.61,-335.1,-185.4,-187.79,355.05,-36.6,196.5
386.7,-40.35,147.38,-350.7,-149.55,-277.82,330.9,-18.3,174.0,-397.5,-100.95,-258.94,-323.4,-232.05,-267.65,332.7,-12.0,188.76,-310.2,-147.75,-214.65,364.05,3.0,130.92,310.5,6.6,77.68,-285.45,-294.3,-266.2,302.25,3.9,241.03,-362.25,-124.5,-257.97,-320.1,-149.25,-286.29,342.15,-104.55,100.43,-335.4,-186.45,-186.1,355.8,-35.7,196.02
387.75,-40.8,147.38,-349.35,-148.8,-279.03,329.85,-18.15,171.82,-397.35,-101.55,-259.42,-323.55,-232.2,-267.65,332.1,-11.55,187.79,-311.7,-148.8,-214.9,363.15,1.8,130.2,310.65,7.35,77.92,-285.9,-293.25,-268.62,301.95,3.45,239.82,-362.55,-122.55,-257.0,-320.1,-148.95,-288.71,342.9,-104.55,99.95,-334.8,-185.7,-184.89,354.15,-36.45,196.26
387.0,-41.55,147.14,-350.25,-149.25,-276.85,329.1,-16.8,171.09,-397.35,-102.0,-259.42,-322.8,-232.95,-267.41,331.8,-12.9,187.07,-310.8,-147.6,-215.62,363.15,2.1,131.41,311.1,7.05,77.92,-285.3,-293.55,-269.1,302.55,2.85,241.76,-363.9,-123.6,-256.76,-320.25,-149.7,-287.25,342.6,-104.4,101.64,-334.35,-185.7,-186.82,355.2,-35.7,196.5
387.0,-41.55,146.41,-350.55,-149.25,-276.61,329.7,-18.3,174.0,-397.65,-102.0,-259.91,-324.0,-231.9,-267.17,331.5,-12.3,188.76,-312.15,-148.05,-214.41,363.0,1.2,131.16,310.8,8.1,77.92,-285.9,-293.7,-266.44,302.85,2.25,240.55,-363.6,-123.15,-257.25,-319.65,-149.4,-287.01,341.25,-105.15,102.37,-333.75,-186.6,-186.58,354.75,-35.4,196.02
386.25,-41.4,147.14,-350.4,-149.1,-278.06,328.8,-18.15,173.27,-396.6,-102.15,-259.18,-324.45,-232.05,-266.68,331.95,-13.05,188.28,-311.25,-148.65,-214.65,363.3,1.5,131.89,311.4,6.6,78.41,-285.3,-294.6,-266.2,302.1,1.8,239.58,-362.85,-124.05,-257.97,-318.75,-150.0,-287.74,341.85,-104.7,102.61,-334.95,-186.6,-185.37,353.4,-34.8,198.68
388.05,-41.7,147.38,-350.25,-149.25,-279.03,330.0,-18.3,172.79,-397.8,-102.0,-258.94,-324.0,-232.5,-267.65,332.85,-12.3,189.0,-311.1,-148.95,-214.17,364.65,1.5,129.71,309.75,7.35,78.65,-285.3,-294.9,-266.68,302.55,3.6,239.1,-362.55,-123.9,-258.7,-319.2,-150.15,-288.71,342.15,-105.15,101.16,-334.95,-186.0,-183.44,355.5,-34.65,195.54
387.3,-40.95,148.35,-351.0,-150.3,-279.03,330.45,-17.7,173.27,-397.2,-101.4,-259.67,-322.65,-232.8,-267.65,332.4,-11.1,187.31,-311.1,-147.9,-213.69,362.55,1.5,130.68,310.5,7.35,77.44,-285.9,-294.75,-267.41,302.55,3.15,240.55,-362.1,-124.65,-256.76,-320.7,-149.4,-288.71,342.6,-104.7,100.43,-335.7,-185.7,-184.4,355.95,-36.0,196.99
387.45,-40.8,145.2,-351.0,-149.4,-277.82,329.85,-18.3,173.27,-397.05,-101.1,-259.67,-323.85,-231.9,-265.72,332.25,-11.4,189.49,-311.7,-148.05,-213.93,363.3,1.5,129.95,310.35,7.95,78.41,-285.9,-293.85,-266.93,302.85,2.85,241.27,-363.0,-123.6,-256.52,-319.8,-149.7,-288.95,342.15,-104.55,101.16,-333.9,-186.0,-186.34,354.15,-35.7,196.5
387.45,-41.25,147.14,-349.8,-149.85,-278.3,330.15,-16.95,173.27,-397.8,-102.0,-259.42,-324.15,-231.45,-267.17,332.4,-12.15,188.03,-311.25,-148.05,-213.93,363.3,2.4,130.2,310.8,7.65,77.92,-285.15,-294.6,-266.44,302.85,2.25,240.06,-363.15,-122.55,-257.25,-320.25,-150.3,-286.77,342.15,-103.8,100.91,-334.35,-186.15,-185.61,355.65,-34.65,196.99
387.15,-40.65,146.89,-351.3,-150.15,-279.03,330.75,-17.85,172.55,-397.95,-101.7,-258.7,-322.65,-231.45,-268.14,331.65,-11.25,187.79,-310.65,-147.0,-215.62,363.45,1.5,130.44,310.05,6.6,77.2,-285.9,-295.5,-267.17,303.6,3.6,240.31,-363.6,-124.2,-257.97,-319.2,-150.0,-286.53,343.2,-105.15,101.4,-334.8,-185.4,-186.82,355.65,-36.15,198.2
386.85,-41.7,147.14,-351.15,-149.55,-276.61,329.25,-16.95,172.79,-396.9,-101.4,-261.36,-323.7,-232.8,-267.65,332.55,-11.85,187.55,-310.65,-147.45,-213.93,364.2,1.05,130.2,310.65,7.35,78.41,-285.6,-293.55,-267.41,301.95,3.0,240.55,-363.0,-123.15,-256.52,-318.45,-149.85,-288.95,343.05,-105.3,101.64,-334.65,-186.45,-186.58,354.6,-35.4,197.47
387.9,-41.25,148.1,-350.1,-149.4,-276.36,330.0,-17.4,173.03,-397.2,-102.6,-259.18,-322.95,-232.8,-268.38,331.65,-12.15,188.28,-310.35,-147.6,-214.41,364.2,1.35,130.68,310.8,7.5,77.44,-285.75,-294.6,-266.93,301.8,3.0,240.31,-362.7,-123.15,-258.21,-319.95,-149.1,-289.67,343.2,-104.55,101.16,-333.75,-186.3,-185.37,356.1,-36.6,196.02
387.6,-40.35,146.89,-350.4,-150.0,-277.57,330.0,-17.1,173.27,-397.05,-102.45,-258.7,-323.25,-232.95,-265.96,331.95,-12.15,187.31,-311.4,-148.05,-213.93,362.7,0.9,130.44,310.95,7.05,78.41,-285.75,-294.0,-266.68,303.3,3.0,240.55,-362.25,-123.3,-255.31,-319.8,-150.6,-285.8,342.75,-103.95,103.09,-334.8,-187.05,-186.58,354.75,-35.85,196.5
387.3,-41.25,146.41,-350.7,-150.3,-277.33,330.3,-16.65,172.3,-397.2,-102.0,-257.73,-324.45,-232.8,-267.89,332.85,-12.9,187.79,-310.2,-149.25,-214.9,363.6,1.65,129.95,310.8,7.5,77.92,-285.6,-293.7,-266.44,303.0,2.85,241.52,-363.0,-123.75,-257.73,-320.85,-149.25,-288.71,343.2,-104.4,100.67,-335.1,-186.45,-185.13,353.85,-35.85,197.71
387.3,-40.5,145.93,-350.25,-149.4,-276.61,329.85,-17.25,173.51,-397.5,-101.25,-260.15,-323.25,-233.4,-266.93,331.95,-12.0,189.49,-310.2,-147.75,-216.11,363.45,1.5,130.44,309.75,8.1,78.89,-286.2,-295.8,-266.2,302.85,3.15,238.85,-362.25,-123.45,-259.18,-319.5,-149.1,-287.25,343.05,-104.55,101.64,-334.2,-187.05,-186.34,355.35,-36.15,198.2
387.0,-40.8,147.62,-350.85,-149.7,-279.03,328.8,-18.3,172.3,-397.8,-102.15,-257.49,-322.8,-232.5,-267.17,332.25,-12.9,188.03,-310.8,-147.9,-215.14,364.8,2.1,129.47,310.35,7.5,77.92,-284.85,-295.2,-267.17,302.4,3.15,239.58,-363.9,-123.9,-257.97,-319.35,-150.0,-288.46,342.0,-104.55,100.91,-334.8,-186.9,-185.61,355.65,-36.6,198.2
388.2,-41.25,147.62,-351.3,-148.8,-278.78,329.7,-18.9,173.27,-397.35,-102.0,-258.94,-323.1,-233.25,-266.2,333.0,-13.05,187.79,-311.25,-149.25,-214.9,363.3,1.5,129.95,311.25,7.2,77.68,-285.75,-295.05,-267.17,301.95,2.25,239.34,-363.15,-123.45,-257.97,-318.75,-148.2,-288.46,342.9,-105.0,101.4,-333.75,-185.4,-185.13,355.05,-35.55,196.75
387.6,-40.8,148.35,-350.7,-150.15,-277.09,330.0,-18.0,172.79,-397.35,-101.7,-258.21,-322.35,-232.5,-267.17,332.85,-10.95,188.28,-310.35,-148.2,-213.69,364.65,1.5,131.65,310.8,6.45,78.17,-285.3,-293.7,-268.38,303.15,3.3,239.82,-363.6,-124.05,-258.46,-320.1,-148.95,-286.77,342.6,-104.85,100.91,-334.5,-186.15,-186.82,355.8,-35.7,196.5
387.9,-40.8,147.14,-350.4,-150.45,-277.09,330.15,-17.25,174.0,-397.5,-102.0,-259.42,-322.95,-231.6,-266.93,332.4,-12.6,186.82,-310.8,-147.9,-215.62,363.45,1.5,129.95,310.05,6.75,78.41,-284.4,-294.15,-267.41,302.25,2.7,239.1,-363.0,-122.85,-257.0,-319.95,-149.85,-287.5,342.9,-105.3,101.4,-334.5,-187.05,-186.82,354.75,-35.7,196.75
387.75,-40.65,146.65,-351.15,-150.0,-276.61,328.65,-16.65,173.03,-397.65,-101.4,-259.67,-321.75,-233.4,-266.44,332.85,-12.15,188.52,-310.8,-148.5,-214.65,363.6,1.2,130.68,309.0,7.8,77.44,-284.7,-294.3,-267.17,302.85,3.3,240.79,-362.1,-122.85,-257.49,-320.55,-150.15,-288.22,343.95,-105.45,101.88,-333.9,-187.2,-186.34,355.8,-35.4,196.26
387.3,-40.65,148.59,-350.4,-149.4,-278.54,329.7,-17.7,171.34,-397.2,-100.95,-259.42,-323.7,-232.2,-268.62,332.4,-13.2,187.79,-311.55,-148.35,-215.38,363.15,1.35,129.95,310.8,7.65,78.65,-285.0,-294.15,-268.14,302.25,2.85,241.03,-362.1,-124.95,-257.97,-319.65,-149.55,-287.5,343.35,-104.4,101.88,-334.65,-186.3,-185.37,354.6,-36.45,195.54
388.2,-41.55,147.86,-350.55,-150.45,-278.06,329.85,-17.1,174.24,-397.95,-102.15,-258.94,-322.65,-231.9,-267.89,332.25,-13.05,187.79,-310.95,-148.35,-213.93,363.15,0.45,130.2,310.5,7.65,77.92,-285.75,-294.75,-267.89,303.0,4.35,242.0,-362.55,-123.9,-256.76,-320.1,-149.85,-288.46,343.2,-104.25,101.4,-334.35,-186.45,-186.1,355.35,-36.0,197.96
388.65,-40.5,146.17,-350.85,-149.1,-278.3,330.0,-17.85,173.03,-397.05,-101.85,-259.42,-322.2,-232.35,-268.86,333.45,-12.9,188.76,-311.1,-148.65,-214.9,362.55,1.35,130.44,310.95,5.85,78.89,-286.05,-294.6,-269.35,301.95,2.4,239.82,-362.7,-122.7,-257.73,-319.95,-149.85,-288.46,342.75,-105.0,101.88,-334.65,-185.55,-187.07,354.9,-36.3,197.47
387.3,-40.8,147.38,-349.5,-149.55,-276.85,330.15,-18.6,175.21,-397.95,-100.95,-257.97,-323.85,-231.75,-268.14,332.55,-12.45,188.28,-310.35,-147.9,-213.93,363.15,1.05,131.65,309.45,6.9,78.17,-285.6,-295.2,-267.89,302.25,3.6,240.55,-363.0,-124.05,-257.97,-320.7,-149.25,-287.5,343.2,-103.95,101.88,-333.45,-184.95,-186.82,354.0,-36.0,196.99
388.2,-40.5,147.14,-350.4,-149.85,-279.51,330.0,-18.45,173.27,-397.95,-102.3,-258.21,-323.7,-232.35,-266.93,332.4,-11.85,185.61,-311.25,-148.35,-213.69,363.0,1.8,129.95,310.8,6.9,78.89,-286.5,-295.2,-268.38,302.1,2.85,239.82,-362.85,-124.2,-256.28,-319.65,-148.65,-288.95,343.2,-104.4,102.61,-334.95,-186.0,-184.89,353.85,-35.4,198.2
388.95,-40.95,146.41,-349.65,-150.45,-277.57,330.0,-17.55,174.0,-397.2,-102.45,-260.63,-323.1,-232.5,-269.83,332.25,-11.55,188.28,-312.0,-148.35,-215.14,362.7,1.95,131.65,309.75,8.1,78.89,-285.9,-293.85,-269.59,302.7,3.15,239.58,-362.85,-124.95,-257.97,-319.65,-149.7,-287.98,343.2,-104.25,101.16,-334.2,-186.3,-185.86,355.8,-35.7,198.2
387.45,-41.25,147.38,-349.95,-151.05,-277.57,330.6,-18.0,173.51,-397.8,-102.3,-259.42,-323.7,-232.65,-266.44,332.1,-12.0,187.31,-310.8,-147.75,-213.93,362.7,0.45,129.95,310.95,7.2,76.71,-285.3,-293.85,-267.65,302.1,2.4,240.79,-362.25,-124.65,-256.52,-320.4,-148.8,-287.98,342.15,-104.4,100.91,-333.9,-186.6,-185.86,354.3,-36.3,196.99
387.6,-40.8,147.38,-349.8,-149.7,-278.06,329.25,-16.8,172.55,-397.5,-102.15,-258.94,-323.85,-233.4,-268.38,332.25,-11.4,187.07,-310.8,-148.35,-215.14,363.9,1.8,131.41,310.5,7.05,78.17,-285.6,-293.7,-266.2,302.4,2.55,239.34,-362.85,-123.6,-257.97,-319.8,-148.5,-287.25,342.45,-103.65,101.64,-333.75,-185.25,-184.65,356.1,-34.35,197.96
387.75,-41.4,146.17,-349.65,-148.8,-277.33,331.05,-18.75,172.3,-397.35,-102.0,-259.67,-322.5,-231.9,-265.47,332.25,-12.15,187.55,-311.25,-147.3,-214.9,362.25,1.2,130.44,310.5,7.65,77.92,-285.9,-294.15,-268.14,302.85,2.1,240.31,-363.0,-123.9,-257.49,-319.35,-149.4,-287.25,342.9,-104.85,101.88,-334.35,-186.3,-185.86,355.8,-36.6,198.44
387.45,-40.95,146.65,-350.7,-150.15,-278.3,330.0,-17.55,173.27,-397.05,-101.55,-259.42,-324.15,-232.2,-267.17,333.3,-13.5,189.0,-310.8,-148.2,-213.69,363.75,1.65,131.65,310.35,7.05,78.17,-285.45,-294.9,-267.89,303.3,3.9,241.03,-363.0,-124.35,-257.97,-319.95,-149.55,-288.95,343.65,-104.4,100.43,-334.95,-185.55,-186.58,355.35,-36.6,197.71
387.45,-40.65,145.44,-350.55,-148.95,-278.06,329.85,-17.1,172.79,-396.3,-102.15,-259.67,-323.85,-232.2,-266.68,332.55,-11.25,189.49,-311.4,-147.9,-213.93,363.45,1.95,130.68,311.1,7.35,76.96,-284.55,-295.05,-267.89,302.85,3.0,241.03,-363.45,-123.15,-259.18,-320.7,-150.3,-287.74,343.05,-103.95,100.91,-334.2,-185.55,-185.86,354.9,-36.3,198.2
387.15,-40.95,146.17,-351.15,-149.85,-278.78,329.85,-19.05,171.82,-396.9,-100.8,-258.94,-322.5,-233.4,-266.93,331.5,-12.3,187.55,-311.1,-148.5,-215.62,364.05,1.05,130.92,310.95,7.35,77.2,-285.9,-295.65,-269.59,301.8,3.3,240.31,-363.9,-123.45,-256.52,-319.8,-149.85,-287.5,343.65,-105.3,100.19,-334.5,-186.3,-185.86,354.6,-34.95,196.75
388.05,-42.15,145.44,-351.3,-149.4,-278.06,329.55,-17.85,173.51,-397.5,-102.0,-259.42,-323.25,-231.75,-268.62,332.1,-12.6,188.76,-310.35,-148.05,-213.69,363.15,2.55,129.95,310.5,7.65,78.65,-285.45,-294.3,-266.93,302.55,3.6,241.03,-363.15,-123.6,-257.49,-320.1,-149.85,-288.46,342.9,-104.25,99.7,-335.1,-186.15,-185.61,354.45,-35.85,197.71
387.45,-41.55,147.38,-350.7,-150.0,-278.06,330.75,-18.0,172.79,-397.5,-102.6,-259.42,-322.95,-232.35,-267.17,333.45,-12.45,189.0,-311.1,-148.35,-213.93,363.75,1.65,131.41,310.65,7.95,79.86,-285.45,-294.3,-267.89,302.4,2.25,239.82,-363.3,-122.7,-257.73,-320.4,-150.0,-287.25,343.65,-104.85,100.19,-335.25,-185.55,-185.61,355.2,-36.0,197.23
386.4,-41.85,146.65,-350.4,-150.75,-276.36,330.9,-17.4,173.27,-397.05,-102.0,-257.97,-323.85,-232.65,-266.44,332.55,-12.45,189.73,-310.2,-147.6,-215.38,362.4,2.1,128.74,309.6,7.8,78.65,-284.85,-295.2,-267.89,301.5,2.85,240.06,-363.45,-123.9,-257.49,-319.05,-150.0,-288.46,342.45,-104.4,99.95,-334.35,-186.0,-185.13,354.75,-36.0,198.92
387.0,-40.8,145.2,-350.1,-150.15,-277.33,331.2,-16.95,174.0,-397.2,-102.0,-258.7,-322.5,-232.5,-265.47,331.65,-13.2,186.58,-310.2,-147.75,-214.17,364.2,1.2,129.71,311.25,7.2,78.17,-285.45,-295.2,-268.86,302.55,3.0,241.76,-362.85,-123.15,-257.25,-319.65,-149.7,-287.5,343.2,-103.5,102.37,-334.65,-185.1,-184.4,355.05,-36.0,195.05
388.05,-40.5,147.14,-350.7,-149.55,-278.06,330.6,-17.25,172.79,-396.9,-102.9,-259.67,-322.95,-231.3,-267.65,332.55,-12.9,190.21,-310.8,-148.5,-214.9,363.75,0.9,130.2,309.9,7.35,78.17,-285.6,-294.6,-266.68,302.1,1.5,240.55,-362.55,-124.2,-257.97,-319.8,-148.95,-287.01,343.65,-104.25,100.19,-334.5,-186.6,-186.58,354.9,-36.45,197.47
387.6,-42.15,147.62,-351.15,-149.7,-277.57,330.15,-18.0,171.34,-397.95,-102.0,-259.42,-323.4,-232.95,-269.1,332.4,-12.9,188.28,-309.3,-147.15,-212.48,363.15,3.0,131.16,311.85,7.95,77.68,-284.7,-294.15,-266.2,302.4,2.55,239.34,-362.55,-123.45,-257.0,-319.8,-148.8,-289.43,342.6,-103.8,99.95,-335.1,-186.75,-185.37,356.1,-36.6,198.2
387.45,-41.55,147.14,-349.65,-150.45,-277.57,330.6,-17.4,171.82,-396.9,-102.15,-258.46,-323.25,-232.5,-267.41,332.4,-12.3,187.31,-310.95,-148.2,-215.38,363.3,1.35,131.16,309.0,7.95,77.92,-285.75,-294.0,-267.41,302.25,3.15,240.55,-363.45,-123.9,-257.25,-319.65,-150.15,-287.25,342.6,-104.7,101.16,-335.55,-185.85,-186.1,355.05,-36.45,197.71
387.75,-41.4,146.41,-350.4,-150.15,-278.54,330.0,-16.5,174.97,-397.35,-101.85,-258.21,-323.4,-232.5,-267.65,331.5,-12.75,188.28,-311.25,-148.5,-213.93,363.0,0.45,129.47,310.65,7.95,77.92,-286.2,-294.15,-269.35,302.7,3.3,240.55,-363.6,-123.9,-257.73,-318.9,-149.55,-288.71,343.35,-105.45,100.67,-334.65,-187.5,-186.34,355.2,-36.3,197.47
387.0,-42.15,145.44,-350.55,-150.0,-277.82,329.85,-17.55,172.79,-397.05,-100.05,-257.0,-323.25,-233.4,-267.89,331.65,-11.4,187.79,-310.65,-148.35,-214.17,364.05,1.65,130.68,310.5,7.5,77.68,-284.55,-294.3,-267.65,301.95,2.55,239.34,-363.15,-124.35,-257.97,-320.1,-149.7,-286.53,343.5,-105.45,100.91,-334.95,-186.0,-186.1,354.75,-36.3,197.71
386.55,-41.55,148.1,-349.5,-148.65,-278.06,328.95,-17.25,172.79,-397.5,-102.15,-258.7,-323.4,-232.65,-265.72,333.45,-11.7,187.31,-310.5,-147.75,-213.93,363.9,2.25,130.2,310.05,7.35,78.89,-286.05,-294.3,-267.89,302.25,4.65,241.76,-362.55,-123.9,-258.46,-318.45,-149.55,-287.25,342.9,-103.95,100.91,-333.75,-186.3,-186.34,355.5,-36.0,196.5
387.45,-40.95,146.41,-351.0,-149.1,-277.33,329.55,-16.95,172.55,-396.6,-101.7,-260.15,-323.1,-232.5,-265.96,332.4,-11.55,188.52,-310.95,-147.9,-214.65,363.45,3.3,131.16,310.95,5.85,78.65,-285.0,-295.65,-266.68,303.75,2.55,240.55,-363.45,-123.45,-257.25,-319.5,-150.6,-287.98,342.45,-104.25,101.88,-334.05,-187.2,-186.1,354.45,-35.7,198.44
387.75,-41.1,146.89,-350.4,-150.0,-279.51,329.85,-18.15,173.27,-398.1,-101.1,-258.94,-322.95,-232.8,-267.17,332.25,-13.5,189.0,-309.9,-148.65,-214.9,363.15,2.7,131.41,310.35,6.3,77.92,-285.75,-294.9,-266.2,301.65,2.25,242.0,-362.85,-123.9,-257.49,-320.25,-149.1,-286.53,343.5,-103.65,102.37,-335.55,-186.45,-185.37,355.35,-35.1,196.99
387.0,-41.85,146.17,-350.7,-150.9,-277.82,330.3,-18.15,173.76,-397.95,-101.25,-259.67,-323.4,-232.8,-268.86,331.5,-13.5,188.03,-311.4,-147.0,-216.11,363.75,1.95,131.41,309.9,7.35,76.96,-284.7,-294.15,-266.68,302.55,3.15,241.27,-363.3,-123.9,-257.97,-319.65,-150.45,-287.98,343.05,-103.95,100.67,-334.95,-185.85,-186.34,354.9,-35.7,196.75
387.6,-41.25,145.93,-349.95,-150.0,-278.54,329.85,-18.0,172.55,-396.45,-102.6,-259.91,-323.7,-233.1,-266.68,332.25,-12.3,189.0,-311.4,-148.35,-213.93,363.45,2.25,130.2,310.5,7.5,77.44,-286.05,-294.45,-267.17,303.0,3.0,240.79,-362.1,-122.4,-257.25,-320.25,-150.6,-289.43,342.45,-104.55,100.91,-334.05,-186.9,-186.82,354.45,-35.55,198.92
