371.7,-23.7,135.04,-359.4,-136.65,-308.07,325.8,-20.25,137.7,-399.0,-111.45,-281.2,-350.4,-211.05,-262.57,306.45,5.55,170.13,-329.85,-144.0,-238.37,350.55,-3.9,111.56,291.45,27.75,104.3,-305.25,-272.55,-262.33,281.85,13.65,231.59,-374.85,-120.3,-266.44,-333.75,-127.65,-255.55,332.55,-84.9,112.05,-343.5,-172.05,-184.65,345.9,-28.65,191.91
372.0,-23.4,132.37,-359.4,-135.6,-309.03,325.95,-19.5,138.91,-399.75,-112.65,-283.14,-349.8,-210.6,-262.33,307.05,6.0,171.58,-328.2,-144.0,-239.1,351.3,-4.2,111.32,289.65,27.9,103.33,-304.35,-271.5,-261.36,281.85,13.65,232.56,-376.2,-121.8,-266.44,-330.9,-127.8,-254.58,332.4,-84.75,112.29,-343.95,-172.5,-182.95,345.3,-30.15,194.81
371.1,-22.65,135.04,-360.45,-137.25,-308.55,325.05,-20.25,137.46,-399.45,-111.45,-281.45,-351.0,-210.75,-263.78,305.1,5.85,171.58,-330.15,-144.15,-240.06,350.85,-4.95,110.59,290.25,27.3,103.33,-305.7,-271.35,-262.33,281.1,13.65,233.29,-375.6,-121.2,-266.2,-331.2,-127.05,-255.07,332.55,-85.2,111.32,-344.85,-171.9,-183.44,344.4,-30.0,193.6
370.05,-23.25,133.34,-358.65,-136.35,-307.58,323.85,-19.35,138.18,-399.75,-111.9,-280.96,-350.1,-208.5,-262.33,306.9,5.4,171.82,-329.55,-143.4,-238.85,351.75,-3.45,111.8,290.85,28.95,104.3,-305.4,-272.1,-262.81,281.4,14.55,232.08,-375.15,-122.1,-265.72,-332.55,-127.05,-255.55,333.0,-84.9,113.98,-342.75,-171.15,-182.71,345.3,-29.4,193.6
371.85,-23.1,133.1,-358.65,-136.95,-309.28,324.75,-18.6,139.15,-399.3,-111.45,-281.93,-349.8,-209.7,-261.6,305.85,5.1,172.79,-328.5,-143.7,-239.1,350.25,-4.2,112.29,291.15,28.5,105.03,-303.6,-270.9,-262.57,282.0,13.35,230.63,-376.35,-120.9,-266.44,-331.8,-128.55,-255.55,332.7,-85.5,112.53,-342.45,-171.75,-182.95,344.85,-30.6,192.87
372.0,-23.7,132.86,-359.25,-136.5,-307.82,325.2,-18.6,137.94,-400.65,-112.2,-282.41,-351.3,-210.0,-260.88,306.9,6.45,171.82,-330.15,-144.15,-240.06,351.9,-4.5,111.08,290.7,27.45,104.06,-304.35,-272.25,-263.54,280.65,13.35,230.63,-375.45,-121.35,-266.68,-331.5,-127.65,-256.04,332.4,-84.0,113.26,-343.05,-170.85,-184.16,345.3,-30.3,193.84
371.85,-23.55,133.83,-358.95,-136.05,-309.76,324.9,-19.5,137.94,-400.35,-111.9,-283.62,-350.85,-209.7,-261.6,306.9,5.55,173.03,-329.55,-143.85,-237.89,350.85,-4.95,112.29,289.95,28.65,104.79,-304.65,-271.5,-259.67,281.85,14.25,232.08,-375.75,-121.8,-264.51,-331.35,-127.2,-254.58,332.4,-85.35,113.98,-343.65,-172.05,-184.89,344.55,-29.55,192.15
371.85,-23.7,131.89,-359.25,-136.2,-308.55,324.6,-19.5,138.18,-399.6,-110.55,-281.93,-349.95,-209.55,-263.3,305.55,6.15,173.27,-330.6,-143.55,-238.13,350.55,-3.15,110.84,290.1,28.5,103.58,-304.65,-271.95,-263.05,282.6,12.75,231.59,-375.0,-120.9,-265.96,-331.35,-126.0,-254.34,333.15,-85.65,112.05,-343.2,-172.05,-183.44,345.0,-29.55,193.84
371.85,-23.55,132.86,-359.4,-136.05,-309.28,325.95,-18.75,137.94,-398.7,-110.4,-281.45,-350.1,-209.55,-263.3,307.35,6.6,171.82,-328.65,-144.6,-236.92,350.55,-3.9,110.11,290.4,28.65,102.61,-304.2,-272.1,-262.33,282.0,13.35,230.14,-375.9,-122.55,-267.41,-332.25,-126.9,-255.07,332.55,-85.35,113.5,-343.65,-171.3,-185.61,345.9,-30.0,193.36
372.9,-22.95,133.1,-359.1,-136.05,-308.55,325.95,-19.95,139.15,-399.15,-112.2,-280.72,-350.85,-209.7,-263.3,306.75,6.15,172.06,-329.4,-143.7,-238.61,350.4,-4.65,111.56,288.6,27.45,103.58,-303.9,-272.25,-261.6,281.55,12.6,231.59,-375.75,-121.2,-264.99,-332.7,-127.2,-254.34,332.7,-85.05,113.98,-343.8,-172.2,-181.74,345.0,-30.45,193.12
371.4,-23.25,133.83,-359.85,-135.45,-308.07,325.5,-19.8,136.73,-399.0,-112.05,-281.45,-350.25,-209.7,-262.09,306.75,6.3,172.3,-329.25,-143.55,-238.85,351.6,-3.45,111.8,289.8,28.5,102.12,-305.25,-272.25,-261.84,281.85,13.35,230.38,-375.75,-121.5,-265.23,-331.8,-127.2,-255.31,332.85,-85.05,114.47,-343.5,-171.9,-182.71,345.0,-30.45,193.36
372.3,-22.5,132.62,-359.7,-135.6,-308.31,325.5,-19.05,138.18,-399.9,-111.75,-281.45,-351.0,-209.85,-263.78,307.05,6.9,173.03,-329.7,-143.4,-240.55,352.65,-4.05,111.32,291.3,27.9,103.09,-304.5,-272.1,-261.36,282.0,12.9,229.66,-376.35,-121.8,-265.72,-332.4,-128.25,-255.31,332.1,-84.75,112.53,-343.8,-171.75,-184.16,344.85,-29.25,193.6
371.55,-23.25,132.37,-359.55,-135.75,-307.82,324.9,-19.05,137.7,-399.0,-111.15,-281.45,-349.8,-209.85,-262.33,306.45,5.7,172.06,-329.7,-145.2,-238.85,349.65,-3.9,109.63,290.85,28.05,103.09,-304.95,-271.8,-262.81,282.3,14.7,230.87,-376.5,-121.95,-265.72,-332.4,-127.2,-256.52,332.25,-85.95,113.5,-343.05,-171.15,-183.44,345.15,-29.25,193.6
370.95,-22.65,133.83,-359.1,-136.2,-308.55,324.45,-19.8,138.18,-399.75,-112.5,-282.17,-350.4,-210.15,-263.05,307.05,5.7,171.82,-329.55,-144.3,-237.89,351.15,-4.05,110.35,289.95,27.45,103.58,-303.45,-270.45,-261.36,281.4,13.35,231.11,-375.75,-122.1,-266.93,-331.65,-126.15,-254.58,333.15,-84.9,111.8,-343.8,-172.05,-182.71,344.7,-29.55,195.54
371.25,-22.95,132.13,-359.7,-137.55,-309.52,325.5,-19.65,138.42,-397.8,-110.55,-283.38,-349.95,-208.95,-264.02,307.2,5.85,170.37,-329.4,-143.85,-239.1,350.4,-3.6,111.32,290.4,27.0,104.06,-305.55,-272.55,-261.84,282.9,13.2,232.08,-376.2,-120.6,-266.44,-331.95,-126.9,-255.07,332.4,-84.45,110.84,-343.65,-171.15,-185.13,345.15,-29.55,194.57
370.95,-22.8,132.62,-359.85,-137.7,-309.03,325.35,-19.95,137.21,-400.35,-111.6,-282.66,-349.8,-208.65,-262.57,306.6,7.2,171.82,-329.55,-143.7,-239.34,351.3,-3.6,111.32,290.55,27.75,104.06,-305.1,-272.55,-263.3,281.4,14.1,230.87,-375.0,-122.4,-266.68,-331.35,-126.9,-254.34,332.85,-85.65,112.53,-343.8,-171.75,-183.68,344.55,-29.4,194.33
372.3,-22.8,132.62,-360.45,-136.65,-307.34,325.05,-18.75,137.7,-399.6,-111.9,-282.41,-350.1,-208.8,-261.6,307.05,6.3,171.58,-328.2,-143.4,-237.64,350.55,-4.35,110.59,290.55,28.05,103.58,-303.75,-271.5,-262.81,282.3,14.4,231.35,-375.45,-120.9,-265.96,-332.7,-127.35,-255.07,333.15,-83.55,111.56,-343.5,-171.15,-182.95,345.9,-30.6,193.12
372.15,-23.4,133.83,-359.25,-136.65,-307.82,325.95,-19.65,139.63,-399.6,-111.3,-283.62,-349.35,-209.1,-262.09,307.35,7.05,172.3,-328.8,-142.95,-239.1,350.7,-4.05,110.35,290.1,28.2,103.82,-304.65,-272.7,-262.33,282.0,13.65,231.59,-375.9,-120.15,-264.99,-332.25,-127.8,-255.79,332.25,-85.2,113.98,-343.05,-172.35,-183.44,345.45,-30.15,192.87
371.4,-23.4,133.34,-358.8,-135.9,-308.31,324.3,-19.65,139.63,-399.45,-111.9,-282.41,-350.85,-210.0,-260.63,306.6,6.45,173.27,-328.65,-144.6,-240.06,349.95,-3.45,111.32,290.4,28.05,104.54,-305.7,-272.55,-261.6,281.55,14.1,232.08,-375.0,-121.8,-267.65,-332.1,-127.5,-256.28,332.7,-84.45,113.26,-344.1,-171.6,-184.16,345.45,-30.0,193.12
371.4,-22.8,134.79,-359.25,-136.05,-309.76,324.6,-19.2,138.67,-399.75,-111.9,-280.72,-348.75,-210.0,-262.81,307.5,5.7,170.85,-329.1,-144.0,-239.34,351.0,-3.3,109.87,291.15,27.45,102.61,-304.05,-271.35,-263.3,281.25,13.5,232.32,-375.3,-121.95,-266.2,-331.35,-126.9,-255.07,332.85,-85.95,113.98,-344.4,-171.15,-182.71,344.25,-29.85,193.12
370.8,-23.55,133.58,-358.65,-136.35,-307.82,325.8,-18.9,138.42,-399.15,-111.3,-281.45,-350.85,-209.55,-261.6,306.45,6.6,171.58,-329.7,-145.2,-238.85,351.0,-4.05,112.05,289.5,27.75,103.58,-304.35,-271.95,-263.3,281.55,14.85,230.63,-376.2,-121.65,-266.2,-332.25,-127.35,-255.07,332.85,-84.0,113.26,-343.05,-171.15,-182.95,344.85,-29.7,192.87
370.65,-22.2,133.34,-359.7,-136.95,-307.34,325.65,-19.65,140.6,-399.45,-111.3,-283.14,-349.05,-210.0,-262.33,306.0,6.3,171.58,-330.15,-144.3,-239.1,351.6,-3.75,110.35,291.45,27.75,102.61,-304.8,-272.25,-261.84,282.15,13.35,231.84,-375.45,-121.95,-267.65,-331.05,-127.2,-254.83,331.5,-84.6,112.77,-343.95,-171.9,-181.74,345.15,-30.15,194.81
370.95,-22.8,133.1,-360.45,-136.95,-308.79,325.95,-18.9,138.67,-398.1,-110.1,-280.48,-350.7,-209.55,-262.09,306.75,6.0,171.82,-328.8,-144.6,-237.89,349.95,-3.75,112.05,291.15,28.05,104.3,-304.65,-271.8,-262.81,281.7,13.5,231.11,-375.0,-121.8,-266.44,-331.95,-128.1,-253.86,331.95,-85.05,110.84,-345.45,-171.6,-183.68,345.3,-29.55,192.63
371.7,-22.5,134.07,-359.7,-136.95,-308.79,323.7,-19.2,138.67,-399.9,-111.0,-282.9,-349.35,-209.7,-263.05,306.15,6.45,172.06,-329.55,-144.45,-240.55,350.1,-4.35,112.77,290.1,29.25,104.06,-304.65,-271.95,-262.81,281.4,13.65,231.11,-376.5,-122.7,-264.99,-331.95,-128.1,-256.28,332.25,-85.35,112.05,-343.35,-172.05,-182.23,345.3,-30.3,195.05
371.85,-22.95,133.34,-359.25,-137.7,-308.31,325.2,-19.8,139.39,-399.0,-111.0,-279.99,-348.75,-209.25,-261.84,306.6,6.45,171.09,-329.25,-144.15,-237.4,350.55,-3.9,111.8,289.95,27.45,104.54,-305.4,-273.15,-263.05,281.55,13.2,232.08,-373.95,-122.55,-265.96,-331.05,-126.3,-255.79,332.1,-85.2,112.53,-343.35,-172.05,-183.19,345.15,-29.85,193.84
370.8,-22.5,133.34,-358.8,-136.95,-308.31,325.05,-20.1,138.91,-399.15,-111.9,-279.51,-349.05,-208.65,-262.57,306.75,6.3,171.58,-328.8,-144.3,-237.64,350.55,-3.9,111.08,289.65,28.95,104.06,-304.35,-272.1,-260.63,281.55,13.8,233.05,-375.75,-121.2,-267.17,-331.8,-127.65,-253.62,333.0,-85.05,113.26,-344.1,-171.75,-183.92,344.7,-30.45,192.39
371.85,-23.25,132.86,-360.6,-135.75,-308.79,324.3,-20.4,138.18,-398.85,-111.75,-281.2,-350.25,-210.75,-263.78,306.0,6.3,172.06,-328.95,-144.3,-238.37,350.55,-5.4,111.8,289.95,28.35,104.79,-304.35,-271.65,-260.15,282.75,13.2,230.14,-375.3,-122.4,-265.47,-331.65,-128.4,-254.34,332.55,-84.9,112.05,-343.65,-172.2,-184.16,344.85,-30.6,192.39
371.1,-23.7,133.1,-358.5,-137.1,-308.79,324.75,-19.05,137.46,-399.6,-111.15,-282.41,-349.35,-209.85,-261.12,306.9,6.45,171.34,-329.4,-143.1,-238.85,351.75,-4.2,112.05,290.4,27.6,105.03,-305.1,-272.25,-262.57,281.1,13.8,231.59,-376.95,-121.95,-266.68,-332.1,-127.35,-255.79,332.25,-84.9,112.05,-343.05,-171.15,-183.68,345.0,-30.45,194.57
370.8,-22.95,133.83,-360.3,-135.75,-308.79,325.05,-19.5,138.91,-399.6,-111.75,-284.11,-350.25,-210.75,-262.09,306.6,6.15,172.06,-327.75,-144.3,-238.85,350.85,-3.0,109.87,290.25,28.2,103.33,-304.8,-271.8,-263.05,281.25,13.8,231.59,-376.05,-120.15,-266.93,-331.65,-126.45,-254.83,332.25,-84.9,114.22,-343.5,-172.2,-184.16,345.3,-29.7,193.36
371.85,-22.65,133.34,-359.1,-136.5,-308.31,325.95,-20.25,138.18,-399.0,-111.45,-282.17,-349.95,-209.4,-263.05,307.05,5.7,171.82,-328.5,-143.7,-238.37,350.4,-3.6,110.84,289.8,28.05,103.58,-305.25,-272.7,-262.09,280.5,14.4,230.87,-376.05,-120.45,-266.93,-332.7,-128.4,-253.62,332.4,-84.45,112.53,-343.5,-172.2,-183.68,344.55,-29.25,192.87
370.95,-23.85,132.13,-359.55,-135.3,-310.0,325.8,-19.2,139.39,-400.65,-111.15,-282.66,-349.5,-209.7,-261.84,307.05,7.05,171.09,-329.1,-143.85,-236.92,351.45,-4.05,111.08,289.8,27.75,103.33,-305.4,-272.4,-262.09,280.8,13.65,230.38,-374.4,-122.25,-265.72,-333.0,-126.75,-255.55,332.4,-85.8,112.77,-343.2,-171.75,-182.95,344.4,-29.85,194.57
370.95,-22.65,133.34,-358.95,-136.35,-309.03,324.15,-19.2,136.97,-398.4,-111.15,-281.45,-349.95,-208.8,-264.26,306.6,6.45,172.06,-328.8,-145.05,-239.1,350.55,-3.75,112.77,290.1,27.6,102.85,-304.35,-272.25,-259.91,281.55,12.75,232.56,-376.35,-121.8,-268.14,-332.7,-126.9,-254.1,332.25,-85.35,113.5,-343.05,-172.35,-181.98,345.9,-30.3,193.84
370.95,-22.95,134.07,-359.55,-137.7,-308.79,325.35,-19.35,139.63,-400.35,-112.8,-280.96,-349.65,-208.5,-262.57,306.0,5.55,170.37,-329.25,-144.15,-237.4,350.55,-4.35,111.08,290.4,27.9,103.82,-304.5,-271.35,-260.39,280.65,12.6,231.84,-375.9,-121.2,-266.44,-331.8,-128.25,-254.83,332.4,-84.9,113.74,-342.9,-172.35,-182.47,345.15,-30.6,192.63
370.35,-22.35,133.34,-359.55,-136.35,-308.07,324.15,-19.5,139.63,-399.6,-110.85,-282.41,-350.1,-210.75,-259.91,306.6,6.45,170.85,-329.55,-144.3,-237.16,350.1,-4.05,111.08,290.4,27.6,102.61,-304.65,-272.55,-260.88,280.5,14.4,231.84,-375.75,-122.7,-265.72,-332.55,-127.35,-253.62,332.4,-85.05,112.77,-343.65,-172.5,-183.68,344.1,-30.6,193.84
372.0,-22.2,133.58,-359.85,-136.05,-308.79,324.6,-18.3,136.73,-400.5,-112.2,-282.41,-350.1,-210.0,-263.78,305.4,6.3,172.55,-328.2,-144.0,-236.68,351.0,-4.05,112.29,290.85,27.75,102.61,-304.05,-271.65,-263.05,281.55,13.5,232.08,-375.6,-121.5,-266.68,-331.5,-127.35,-253.86,332.55,-84.15,111.56,-343.35,-170.55,-181.5,344.55,-30.3,194.08
370.65,-23.1,133.58,-360.3,-136.5,-307.82,325.5,-19.5,139.88,-400.65,-111.15,-281.93,-348.75,-209.25,-263.05,306.3,5.7,170.13,-329.4,-144.0,-237.4,350.25,-3.75,110.35,290.55,28.35,102.37,-304.35,-272.25,-261.6,281.1,13.35,230.63,-375.3,-122.25,-265.96,-332.25,-126.9,-256.04,332.4,-84.75,114.22,-343.2,-171.75,-182.95,345.0,-29.1,193.12
372.45,-22.8,133.34,-359.1,-136.35,-307.58,325.05,-19.05,138.42,-398.85,-112.05,-282.41,-348.6,-210.75,-262.57,304.8,6.6,171.34,-328.95,-143.4,-239.34,349.5,-4.5,111.32,290.55,27.45,103.82,-304.65,-270.9,-261.36,281.1,14.25,231.11,-375.9,-121.2,-264.75,-332.4,-128.1,-253.62,332.1,-84.75,112.05,-343.05,-171.3,-184.16,344.85,-29.25,193.12
371.55,-22.05,132.37,-359.1,-136.8,-308.07,325.35,-19.8,138.18,-400.05,-112.2,-281.69,-349.65,-208.5,-262.33,306.0,5.85,170.61,-328.35,-143.1,-237.89,351.0,-4.35,112.29,290.4,28.35,105.03,-303.9,-271.5,-262.33,281.7,13.8,230.87,-375.9,-121.05,-266.68,-333.0,-128.85,-254.83,333.45,-85.2,112.53,-343.35,-171.0,-181.5,344.25,-29.25,192.15
372.0,-22.8,132.86,-359.4,-137.25,-307.1,325.5,-19.2,138.91,-399.6,-111.45,-282.9,-349.5,-209.85,-262.81,304.65,7.2,173.27,-329.7,-143.25,-238.61,349.95,-3.3,110.59,290.25,28.65,102.85,-304.5,-271.65,-263.54,281.4,14.4,230.38,-377.1,-121.95,-267.17,-331.65,-127.35,-255.07,333.15,-84.3,114.22,-343.35,-171.6,-183.19,345.0,-30.9,192.63
371.7,-23.85,135.04,-359.85,-138.15,-307.34,325.65,-18.9,140.36,-399.45,-111.75,-281.93,-349.95,-208.95,-261.6,306.6,6.45,171.82,-329.1,-143.7,-239.1,350.85,-3.6,110.84,290.1,28.05,103.33,-304.65,-271.95,-261.84,281.85,14.25,231.84,-375.15,-121.35,-265.47,-332.25,-126.75,-254.34,333.45,-85.2,111.56,-343.8,-171.45,-183.92,343.8,-29.4,191.42
371.55,-22.95,132.86,-359.7,-136.95,-307.58,326.1,-20.1,136.73,-399.9,-111.45,-282.66,-349.8,-209.4,-263.05,306.75,6.6,171.09,-328.5,-144.0,-240.06,350.1,-5.1,111.32,290.1,27.15,103.33,-304.5,-272.25,-261.6,281.4,13.2,231.59,-374.85,-122.55,-266.68,-331.5,-127.65,-254.83,333.15,-83.85,111.08,-342.9,-171.9,-184.16,345.0,-30.3,193.36
371.85,-22.65,132.37,-359.85,-135.9,-308.55,324.45,-19.65,138.18,-399.6,-112.5,-280.48,-351.15,-209.4,-260.63,307.2,5.55,170.85,-329.25,-143.25,-239.34,350.25,-4.2,111.08,292.2,27.45,103.82,-304.5,-271.5,-262.09,281.25,13.65,232.08,-375.9,-120.9,-265.96,-330.75,-127.35,-255.07,332.1,-85.05,112.05,-344.4,-171.45,-181.5,345.0,-29.85,193.6
372.15,-22.5,133.83,-359.85,-136.2,-308.55,325.95,-19.8,137.21,-399.75,-111.0,-281.69,-350.25,-208.95,-262.33,306.45,6.9,170.85,-329.4,-144.3,-239.1,351.15,-3.3,112.29,290.1,28.5,104.3,-303.9,-271.65,-263.3,282.0,14.55,232.8,-376.05,-121.2,-265.96,-332.1,-127.05,-255.07,332.85,-85.2,112.05,-343.65,-171.75,-183.92,344.7,-29.25,192.87
372.45,-22.8,134.55,-359.85,-136.35,-308.79,325.5,-19.8,138.18,-398.55,-112.8,-280.96,-349.95,-209.4,-261.84,306.75,6.15,170.13,-328.95,-143.4,-238.13,349.8,-4.05,110.35,290.7,28.35,105.51,-305.25,-270.0,-262.57,282.15,14.7,230.14,-375.3,-121.5,-268.14,-330.9,-127.35,-255.07,332.55,-85.05,113.26,-343.05,-171.3,-184.4,345.6,-29.55,194.57
372.3,-23.7,134.55,-359.85,-136.5,-308.79,324.9,-19.8,138.42,-399.3,-111.3,-282.17,-350.85,-209.25,-262.09,307.2,6.9,172.3,-328.65,-143.7,-238.61,349.65,-4.05,110.59,289.65,28.2,102.85,-304.65,-270.3,-262.09,281.4,13.05,230.63,-375.0,-121.8,-267.65,-332.25,-127.05,-255.79,331.95,-85.65,111.56,-343.5,-171.6,-183.68,345.3,-30.45,192.87
372.75,-22.65,132.86,-359.55,-135.6,-307.82,324.75,-19.35,138.91,-399.0,-112.05,-281.2,-349.35,-208.8,-264.02,305.7,5.7,170.61,-329.7,-144.3,-239.82,351.0,-4.35,111.8,290.25,28.5,103.82,-304.05,-271.95,-262.33,282.0,13.95,230.38,-375.3,-120.3,-266.44,-330.9,-128.1,-255.31,332.85,-84.45,112.53,-343.5,-172.35,-183.19,346.8,-30.3,193.36
371.25,-23.4,133.58,-359.4,-135.6,-308.55,325.5,-19.8,139.63,-399.15,-112.2,-281.69,-349.95,-208.95,-260.39,306.6,5.55,172.79,-329.55,-144.45,-239.82,349.8,-4.05,108.42,288.9,28.65,104.79,-304.35,-272.1,-261.84,281.55,13.65,230.63,-376.2,-120.9,-264.99,-332.4,-127.65,-256.04,332.4,-85.2,113.01,-343.05,-171.9,-183.44,344.7,-30.15,193.36
371.4,-22.65,134.31,-358.95,-135.75,-309.28,324.3,-19.65,138.42,-399.45,-110.7,-281.45,-350.55,-209.55,-262.81,305.7,6.3,171.09,-329.4,-144.75,-239.1,350.1,-3.45,110.84,290.4,28.35,103.82,-303.45,-272.25,-261.84,281.25,14.25,232.08,-375.45,-121.35,-267.41,-331.5,-127.2,-254.58,332.25,-85.35,111.8,-343.2,-172.35,-183.44,346.05,-30.45,192.87
371.55,-23.4,134.31,-359.7,-136.5,-308.07,325.5,-18.9,140.12,-399.75,-111.15,-280.72,-351.45,-210.15,-261.6,305.55,6.15,171.58,-328.35,-143.55,-240.31,351.45,-4.05,110.59,290.4,28.65,101.88,-304.8,-270.6,-263.05,280.8,13.95,231.59,-375.0,-122.1,-267.17,-332.25,-127.8,-255.31,332.4,-84.45,113.98,-343.5,-171.45,-183.92,345.6,-29.25,194.81
372.15,-23.7,132.37,-359.4,-136.65,-310.0,326.55,-18.9,140.6,-399.6,-111.15,-280.48,-351.15,-208.5,-261.12,305.7,4.95,171.09,-329.7,-144.45,-238.37,350.25,-3.9,111.08,290.25,29.1,103.33,-304.5,-272.25,-263.05,281.85,12.9,230.87,-376.35,-121.05,-266.68,-332.55,-127.2,-254.83,332.85,-84.9,114.22,-343.35,-171.45,-183.68,344.4,-29.55,193.12
