370.05,-24.15,144.96,-361.2,-127.05,-293.79,326.1,-4.35,138.91,-398.25,-104.1,-294.51,-345.3,-208.35,-249.5,309.45,15.15,183.44,-328.95,-130.8,-241.52,347.25,2.7,100.91,295.5,28.65,109.38,-301.2,-264.75,-258.46,281.85,22.35,231.84,-378.9,-116.55,-271.77,-328.65,-126.45,-251.44,334.35,-82.2,114.47,-344.1,-166.95,-183.92,342.75,-27.0,191.42
370.8,-22.05,146.65,-361.35,-126.6,-295.24,326.85,-3.6,138.67,-397.2,-104.7,-294.27,-345.75,-209.55,-250.95,309.9,15.45,183.68,-329.55,-129.9,-238.61,347.25,2.4,99.22,295.35,29.25,108.42,-300.15,-265.65,-257.73,282.3,22.95,231.11,-380.25,-116.4,-271.52,-329.1,-126.75,-251.92,334.95,-81.0,114.47,-343.05,-166.2,-185.37,343.2,-26.55,192.15
370.35,-22.8,146.17,-360.0,-127.05,-295.24,325.2,-4.5,136.25,-397.65,-104.4,-295.24,-346.65,-208.5,-249.5,310.2,15.15,183.44,-328.8,-130.95,-240.06,347.4,2.7,99.95,295.05,28.5,110.11,-299.7,-265.35,-257.49,280.95,22.95,231.35,-379.8,-116.7,-271.28,-328.05,-126.0,-253.13,334.5,-80.25,114.95,-343.35,-167.1,-185.13,343.2,-26.7,191.42
371.55,-23.25,146.89,-360.75,-125.7,-294.76,325.65,-2.1,139.15,-398.25,-105.45,-294.27,-346.65,-210.0,-250.47,310.05,15.45,183.68,-329.1,-130.35,-241.27,347.1,2.1,99.46,294.45,29.25,111.08,-300.75,-264.6,-256.28,281.85,22.5,231.59,-380.85,-116.7,-270.8,-328.95,-126.15,-252.16,335.1,-79.95,115.68,-343.95,-166.65,-183.19,342.75,-27.45,192.39
370.65,-23.1,147.14,-361.2,-126.75,-296.21,325.2,-4.2,137.7,-397.65,-105.9,-295.97,-345.0,-209.1,-250.95,309.6,14.55,182.95,-329.7,-129.6,-239.58,347.85,2.1,101.16,294.45,29.1,108.66,-299.55,-265.65,-256.04,281.4,22.8,232.32,-379.8,-117.3,-271.77,-329.7,-125.1,-251.92,335.4,-80.7,114.95,-343.5,-167.25,-183.44,342.9,-26.4,192.15
369.15,-22.65,146.65,-360.75,-127.2,-294.27,323.85,-3.0,136.97,-398.55,-104.4,-295.48,-346.05,-210.15,-247.81,310.65,14.85,182.23,-329.7,-130.8,-239.58,346.95,1.8,99.95,294.75,29.25,111.32,-300.3,-264.6,-256.28,281.7,22.5,230.63,-379.05,-115.8,-272.25,-328.95,-126.15,-253.86,335.85,-81.45,115.68,-342.6,-165.6,-182.23,342.3,-25.5,192.15
370.35,-22.8,146.65,-361.05,-127.8,-294.27,325.5,-4.8,139.15,-398.1,-105.0,-293.79,-345.3,-208.2,-251.2,310.05,15.45,184.4,-329.25,-129.75,-240.06,347.55,3.0,100.43,294.6,30.15,110.35,-301.65,-265.95,-257.0,280.65,23.55,230.63,-379.8,-117.9,-271.28,-328.65,-125.55,-251.68,336.0,-81.3,114.71,-342.45,-166.35,-182.23,342.9,-26.1,191.18
370.35,-22.8,147.38,-360.15,-126.75,-294.51,325.8,-3.75,138.67,-397.2,-104.55,-295.48,-346.5,-208.2,-251.2,309.3,15.3,182.23,-329.4,-130.05,-238.85,347.25,2.55,99.46,295.95,28.8,109.87,-300.75,-265.05,-257.0,281.25,22.65,229.9,-379.8,-116.7,-272.49,-328.65,-125.25,-253.13,335.85,-81.6,113.74,-343.05,-167.25,-183.92,342.9,-27.15,190.45
370.05,-23.4,146.17,-361.05,-126.75,-294.51,325.05,-4.35,138.91,-397.95,-105.45,-294.03,-346.2,-209.85,-250.71,310.35,15.0,182.71,-328.8,-130.5,-238.85,347.1,1.95,100.19,294.3,30.15,110.59,-300.15,-265.65,-255.31,280.95,21.6,231.84,-379.65,-116.7,-271.77,-328.2,-125.55,-253.62,335.25,-81.15,113.01,-343.2,-166.95,-184.65,343.5,-26.1,191.91
370.5,-22.8,146.17,-359.7,-125.55,-295.48,326.25,-4.2,136.73,-397.65,-104.55,-295.48,-345.3,-209.25,-250.23,310.05,14.55,183.44,-328.8,-130.65,-238.37,347.25,2.1,98.25,294.15,29.55,108.42,-299.7,-266.7,-256.04,281.85,21.15,231.59,-379.35,-116.1,-271.52,-329.1,-126.45,-250.71,335.1,-80.25,114.47,-343.5,-167.7,-183.92,342.45,-27.0,189.73
370.05,-23.55,146.41,-361.65,-127.2,-294.03,324.3,-3.45,138.42,-398.4,-104.7,-294.27,-345.6,-208.95,-249.74,309.3,15.6,183.44,-330.0,-130.2,-240.79,346.05,1.5,100.19,295.5,30.45,109.63,-300.15,-264.9,-257.0,281.7,21.45,231.35,-380.1,-116.7,-272.98,-328.35,-124.95,-253.13,335.7,-81.6,114.95,-343.95,-167.55,-182.95,343.5,-25.5,190.7
370.95,-22.95,146.41,-361.2,-127.05,-295.72,325.95,-4.5,137.46,-397.65,-104.55,-294.27,-345.3,-209.1,-249.74,309.9,16.2,183.68,-328.8,-130.5,-240.31,347.25,2.55,101.64,294.75,29.4,110.84,-300.45,-264.75,-256.28,281.1,21.9,232.56,-379.65,-116.4,-272.25,-328.5,-125.25,-252.65,334.65,-81.6,116.89,-343.65,-167.1,-183.44,341.25,-27.15,191.18
371.1,-23.55,146.89,-361.5,-126.3,-293.79,325.5,-4.35,139.39,-397.8,-105.75,-295.24,-346.5,-209.25,-249.74,310.35,15.9,183.92,-329.1,-129.9,-239.82,347.7,1.5,98.49,294.15,28.95,111.08,-300.15,-264.3,-257.25,282.15,22.35,230.87,-379.35,-116.55,-271.77,-328.05,-126.15,-252.89,334.95,-81.0,113.98,-343.5,-166.8,-182.95,343.95,-26.1,189.97
370.05,-23.25,145.93,-359.85,-126.45,-294.51,325.5,-3.9,139.88,-398.1,-104.7,-296.69,-345.6,-209.4,-251.68,309.75,15.15,182.47,-329.1,-130.65,-239.58,347.4,1.5,99.95,295.05,28.95,110.59,-299.85,-265.65,-257.49,282.3,21.6,232.56,-379.8,-116.25,-272.01,-328.5,-126.3,-250.71,335.1,-81.9,114.71,-342.45,-167.25,-182.95,342.0,-26.4,191.91
370.5,-21.6,146.41,-361.2,-126.3,-294.51,325.2,-3.6,139.15,-396.9,-104.1,-294.76,-346.05,-209.4,-250.71,310.5,16.2,182.47,-329.7,-131.4,-241.76,348.0,1.65,99.46,295.35,29.4,109.14,-300.6,-266.7,-256.52,281.4,22.2,232.08,-379.5,-117.3,-272.01,-328.95,-126.75,-252.89,335.4,-81.75,114.71,-343.5,-167.4,-183.19,342.6,-26.55,192.39
369.9,-22.5,145.93,-360.75,-126.9,-293.79,324.75,-3.9,139.63,-398.55,-104.85,-294.03,-346.2,-210.0,-251.2,310.2,15.45,183.19,-329.1,-131.7,-240.79,348.0,2.4,99.95,295.05,30.15,108.17,-299.4,-266.7,-256.28,282.3,24.3,230.63,-378.45,-116.1,-271.28,-328.8,-126.15,-251.44,333.9,-81.75,112.77,-343.8,-167.25,-183.19,342.3,-26.55,192.15
369.3,-22.5,146.89,-360.6,-126.9,-294.27,324.9,-3.45,137.94,-397.2,-105.0,-294.76,-345.75,-208.65,-252.89,310.05,15.75,183.68,-328.8,-129.45,-240.31,348.6,1.2,100.19,295.8,29.4,110.35,-299.55,-266.25,-255.55,281.7,21.9,229.66,-379.05,-116.55,-274.19,-328.5,-125.7,-251.44,334.2,-81.6,114.47,-343.65,-167.1,-182.47,341.85,-26.1,192.39
372.45,-21.9,146.65,-360.6,-126.0,-294.27,324.6,-4.5,138.42,-398.55,-105.3,-295.48,-345.6,-210.0,-251.44,310.8,15.15,183.44,-328.95,-130.65,-240.06,346.65,1.65,98.01,294.6,30.75,110.35,-300.0,-265.35,-255.79,282.9,23.4,234.26,-379.35,-116.25,-272.49,-328.05,-125.7,-252.16,335.85,-81.6,112.53,-343.2,-168.0,-181.98,342.9,-26.85,191.91
369.6,-23.1,147.14,-360.15,-127.05,-294.51,325.95,-3.0,139.15,-398.25,-104.4,-295.48,-346.35,-209.1,-251.68,310.35,15.0,183.44,-328.5,-130.2,-240.06,348.0,1.2,100.19,295.35,28.95,111.08,-300.45,-266.1,-256.76,280.95,23.4,232.56,-378.75,-117.45,-272.73,-328.8,-125.85,-251.68,335.4,-81.6,114.22,-342.75,-167.25,-183.68,342.0,-26.4,191.18
370.35,-22.05,146.89,-361.05,-127.2,-295.72,324.15,-2.85,135.76,-398.55,-105.6,-293.55,-347.4,-208.2,-250.47,309.0,15.0,182.71,-329.1,-129.75,-240.31,346.95,2.25,99.95,294.75,28.95,110.84,-300.0,-264.9,-255.55,281.4,22.05,230.14,-380.1,-116.85,-272.49,-328.65,-124.8,-251.44,335.1,-81.0,112.77,-343.5,-166.5,-184.16,342.75,-26.7,190.21
370.8,-22.95,146.41,-359.85,-126.75,-294.03,325.05,-3.45,138.91,-397.5,-105.3,-295.0,-345.45,-209.1,-251.92,310.35,14.7,181.74,-328.8,-129.9,-239.82,345.45,1.2,100.91,295.2,29.55,110.59,-300.6,-265.35,-256.76,280.8,23.85,230.38,-379.35,-117.3,-271.77,-328.8,-126.75,-250.71,335.7,-82.35,115.43,-342.75,-166.65,-183.92,342.6,-25.05,190.7
370.2,-22.95,146.17,-360.3,-127.5,-295.72,326.25,-4.5,137.94,-398.7,-105.75,-294.27,-346.05,-208.8,-249.74,310.05,14.55,183.44,-329.4,-129.45,-241.03,347.7,1.95,99.7,294.9,28.8,110.11,-300.15,-265.2,-257.0,281.7,22.05,231.35,-378.9,-117.0,-271.52,-328.5,-126.3,-251.92,336.0,-82.95,113.74,-342.0,-167.55,-183.92,343.8,-26.55,192.39
369.75,-23.55,146.41,-360.9,-126.9,-295.97,325.65,-3.45,137.7,-398.4,-105.45,-295.0,-346.2,-209.7,-251.2,310.05,15.6,181.74,-330.0,-130.2,-241.27,347.55,1.65,99.95,295.2,29.4,110.84,-300.3,-264.9,-256.52,281.7,21.45,232.08,-379.2,-117.3,-271.04,-328.5,-126.6,-251.44,335.85,-81.3,114.47,-343.5,-166.5,-184.4,343.65,-26.25,192.39
371.25,-22.5,145.68,-360.45,-127.05,-294.27,325.65,-3.45,137.7,-397.95,-105.6,-293.55,-346.05,-208.35,-251.92,310.8,14.85,181.74,-328.65,-130.2,-239.34,346.65,1.5,100.19,294.9,29.25,110.35,-299.7,-265.35,-255.55,281.1,22.2,233.05,-379.05,-117.75,-271.77,-328.65,-125.85,-252.89,335.55,-80.7,114.47,-343.5,-166.95,-183.44,343.2,-27.15,191.66
371.55,-23.85,145.2,-360.0,-126.9,-295.72,325.2,-4.65,138.18,-398.1,-106.35,-295.48,-345.6,-209.25,-249.74,309.9,15.6,181.98,-329.4,-129.75,-239.34,346.65,1.95,100.43,295.2,28.95,110.11,-299.85,-264.9,-258.7,281.7,22.5,230.14,-378.6,-117.15,-271.28,-328.5,-126.6,-252.65,334.95,-81.75,114.22,-344.55,-167.25,-184.65,342.9,-27.0,191.91
370.8,-23.4,148.59,-360.45,-127.05,-295.24,325.8,-2.55,136.73,-398.7,-105.9,-294.51,-346.5,-209.4,-249.74,309.9,14.55,182.95,-329.1,-129.75,-240.31,345.3,1.65,101.88,294.75,28.2,110.59,-301.05,-265.8,-255.55,280.35,22.5,231.84,-380.25,-118.05,-271.52,-328.2,-125.55,-253.37,335.55,-80.7,115.19,-342.45,-166.95,-183.44,344.1,-26.7,190.7
370.95,-22.8,145.68,-360.3,-126.75,-292.82,325.35,-3.6,139.39,-397.65,-105.9,-295.24,-345.75,-209.25,-250.71,310.35,14.85,181.74,-328.35,-129.0,-242.0,346.35,2.55,99.95,295.8,29.7,107.69,-300.75,-265.95,-257.49,282.0,22.5,231.59,-379.95,-116.4,-271.04,-329.25,-126.45,-250.71,334.2,-81.3,114.47,-342.9,-167.1,-182.71,342.9,-27.3,190.45
370.05,-23.25,146.41,-359.7,-125.85,-295.24,325.05,-4.5,137.7,-397.95,-105.45,-293.55,-345.9,-209.7,-249.26,310.8,15.15,181.98,-329.25,-130.65,-240.55,347.25,1.05,101.88,294.75,29.55,110.35,-300.0,-265.2,-253.86,280.65,22.95,229.66,-381.0,-117.3,-271.52,-327.9,-125.4,-253.62,335.25,-81.3,115.68,-343.2,-166.8,-182.95,343.95,-27.0,191.42
370.5,-22.8,144.72,-359.85,-126.3,-293.55,324.9,-4.2,137.7,-398.25,-105.0,-295.72,-345.9,-209.1,-250.95,310.65,14.4,182.95,-329.1,-130.35,-239.1,347.55,3.15,100.43,295.2,29.85,109.14,-300.45,-265.65,-255.31,281.1,22.95,230.87,-379.95,-117.15,-273.22,-327.75,-126.3,-251.92,334.65,-80.7,114.22,-343.5,-168.0,-182.95,342.0,-26.7,192.15
370.35,-23.85,145.44,-360.45,-126.75,-295.0,325.5,-3.3,136.73,-397.8,-104.55,-294.76,-346.05,-208.65,-249.99,311.7,14.7,182.71,-329.25,-130.05,-239.58,348.0,2.25,100.91,294.3,28.95,109.87,-300.0,-264.6,-255.79,281.55,23.4,230.38,-378.3,-117.45,-271.04,-328.5,-126.75,-251.44,335.1,-80.55,115.43,-343.65,-167.55,-183.44,342.3,-26.55,191.91
370.35,-22.95,145.68,-361.2,-125.85,-294.51,325.65,-3.75,136.73,-397.05,-104.7,-294.51,-345.3,-208.65,-252.89,310.5,14.25,183.19,-328.65,-130.35,-240.31,347.1,2.25,98.49,294.9,29.55,110.84,-299.7,-266.55,-256.28,281.55,22.8,231.84,-378.9,-116.85,-271.52,-328.8,-126.0,-253.37,335.1,-81.6,114.47,-345.0,-167.1,-182.23,343.05,-26.7,190.94
370.8,-23.1,145.2,-361.2,-125.85,-294.76,325.5,-3.6,140.36,-398.25,-104.4,-296.69,-344.85,-209.25,-250.95,310.5,14.4,182.71,-329.1,-130.2,-241.52,346.2,2.4,101.4,295.05,30.3,109.14,-300.6,-265.8,-255.79,280.35,21.9,231.84,-379.2,-117.0,-271.28,-329.25,-126.0,-251.68,334.05,-80.7,113.74,-343.5,-166.65,-181.74,342.3,-26.7,192.39
370.65,-23.55,147.62,-361.2,-126.15,-295.72,324.15,-3.0,138.42,-397.8,-104.7,-295.0,-345.75,-209.4,-251.68,309.75,14.1,184.16,-328.95,-131.1,-240.55,347.55,2.25,99.46,294.6,30.15,109.87,-300.15,-266.25,-257.25,281.55,22.5,231.11,-379.95,-116.85,-270.31,-327.9,-125.25,-252.65,333.9,-81.3,114.95,-342.75,-167.25,-183.68,342.0,-25.95,190.45
371.1,-23.25,146.89,-360.6,-125.85,-295.24,324.3,-4.65,136.0,-398.25,-105.9,-295.72,-345.9,-210.3,-251.2,309.6,16.35,181.26,-328.95,-130.2,-240.79,346.8,2.4,98.25,294.9,29.25,109.87,-299.85,-265.65,-256.52,280.2,21.75,231.11,-378.75,-116.55,-270.56,-328.5,-125.7,-252.89,334.95,-81.45,114.71,-343.65,-166.65,-184.89,342.9,-27.15,192.87
368.85,-23.55,145.68,-360.75,-126.9,-294.03,325.5,-4.2,138.18,-398.1,-105.6,-295.24,-346.95,-208.2,-251.44,309.75,14.85,184.89,-329.85,-130.5,-239.82,347.55,2.55,100.67,295.2,29.4,109.63,-300.0,-264.9,-256.52,281.1,22.35,232.8,-380.55,-116.7,-272.01,-328.8,-126.3,-253.37,335.25,-82.65,114.47,-344.7,-166.95,-184.89,342.45,-27.45,191.18
371.1,-23.7,146.41,-361.05,-126.75,-294.27,325.2,-4.5,138.91,-397.95,-104.4,-294.76,-345.9,-208.65,-251.92,309.75,15.15,182.47,-329.1,-130.35,-239.82,346.95,2.25,100.43,296.1,29.55,108.9,-300.6,-265.95,-257.25,280.95,22.35,231.35,-379.65,-116.7,-272.73,-328.8,-124.95,-252.65,335.1,-81.75,115.19,-343.35,-168.3,-184.89,343.5,-27.0,190.7
370.8,-23.1,147.38,-360.9,-126.45,-295.24,326.25,-3.6,138.18,-397.95,-104.4,-294.27,-345.75,-208.35,-249.99,309.75,15.15,183.68,-329.85,-130.5,-239.34,348.3,3.0,101.4,294.9,29.85,110.59,-300.15,-265.2,-256.28,282.0,22.2,230.63,-379.35,-117.0,-271.77,-329.1,-126.3,-253.37,334.65,-81.6,113.74,-344.55,-166.8,-182.71,341.85,-25.8,191.18
369.75,-23.1,144.96,-359.7,-127.05,-294.76,325.95,-3.75,137.7,-397.2,-105.15,-294.76,-345.15,-209.85,-251.2,310.95,14.7,182.71,-329.25,-131.1,-240.31,346.2,1.8,99.95,294.0,28.95,108.9,-300.0,-265.5,-256.52,280.95,22.95,230.38,-380.55,-117.15,-272.73,-328.8,-126.6,-250.95,334.5,-80.4,114.47,-342.9,-167.7,-182.95,342.75,-26.85,191.18
370.2,-22.5,145.93,-361.65,-126.75,-293.06,324.6,-3.9,138.18,-398.25,-104.1,-294.51,-345.75,-208.5,-251.2,309.9,14.7,182.47,-329.4,-130.2,-239.58,346.8,2.7,100.19,296.4,28.95,109.63,-300.75,-265.5,-256.04,281.4,22.8,230.63,-379.05,-117.9,-272.25,-327.75,-127.2,-251.2,334.5,-80.85,114.71,-343.2,-167.25,-183.92,341.85,-25.95,192.15
369.6,-22.95,145.93,-360.9,-126.15,-293.79,325.65,-3.45,139.63,-398.4,-105.15,-294.76,-345.75,-209.4,-248.29,310.2,15.75,182.23,-329.55,-131.4,-238.61,347.55,1.65,99.46,294.15,29.85,108.66,-299.7,-265.95,-257.0,281.7,22.05,230.87,-379.8,-117.0,-272.49,-329.25,-125.85,-251.68,334.35,-80.7,116.4,-342.9,-167.1,-184.4,342.3,-27.0,192.15
370.05,-23.1,147.14,-360.75,-125.7,-294.27,324.6,-4.05,137.94,-398.25,-105.3,-294.03,-346.95,-209.55,-251.2,310.5,15.0,182.23,-328.8,-130.2,-240.55,347.85,0.75,100.91,294.75,28.65,110.59,-300.3,-265.05,-256.52,281.25,22.2,230.63,-380.55,-118.05,-271.52,-328.35,-125.1,-253.13,334.95,-80.4,114.47,-342.6,-167.1,-184.4,343.05,-26.55,191.66
370.2,-23.4,144.96,-360.75,-126.75,-294.03,326.4,-3.45,139.15,-398.55,-104.4,-295.97,-345.75,-208.8,-249.5,309.6,15.6,183.68,-329.25,-130.95,-239.58,346.95,2.25,99.46,293.7,28.8,110.35,-301.05,-265.65,-257.0,282.15,22.35,230.87,-379.35,-115.95,-270.56,-328.8,-125.1,-254.58,335.85,-81.0,113.98,-342.6,-166.65,-183.19,342.9,-26.7,191.42
371.25,-23.1,146.65,-359.7,-126.3,-295.72,324.45,-3.6,137.94,-397.95,-104.4,-295.24,-346.05,-208.5,-251.68,309.75,15.9,183.92,-328.95,-129.9,-240.31,346.8,2.85,99.95,295.5,30.3,108.9,-300.45,-265.5,-257.49,281.25,22.8,229.9,-379.05,-116.85,-271.04,-328.5,-126.75,-253.37,335.25,-81.45,115.68,-344.25,-167.1,-182.71,342.9,-26.7,192.87
369.9,-22.8,145.93,-361.65,-127.05,-294.76,325.35,-3.3,138.42,-397.35,-104.4,-295.72,-345.3,-208.5,-251.2,310.2,15.45,181.98,-329.1,-129.6,-240.55,347.85,2.25,100.19,295.05,29.4,109.87,-299.7,-265.2,-256.04,281.4,22.2,231.59,-379.65,-117.3,-270.56,-327.75,-125.85,-252.16,335.85,-81.6,113.98,-343.8,-166.65,-183.92,342.6,-27.0,192.87
371.4,-22.65,145.44,-360.6,-127.5,-294.27,325.65,-3.6,138.67,-397.95,-103.8,-294.51,-345.3,-208.8,-251.2,309.3,14.85,181.5,-330.15,-130.5,-239.34,346.95,2.1,100.43,295.05,28.65,109.87,-300.6,-265.5,-254.58,280.8,22.5,231.11,-380.25,-116.85,-271.28,-328.2,-126.0,-252.65,335.25,-81.3,114.95,-342.9,-167.4,-182.95,343.35,-25.35,192.15
370.5,-22.65,146.65,-361.35,-127.65,-294.51,324.75,-3.3,138.91,-399.45,-104.7,-294.51,-345.75,-208.5,-250.23,310.5,15.0,182.71,-329.1,-131.25,-240.31,347.85,2.25,100.67,296.25,30.3,110.11,-300.45,-265.5,-256.28,281.55,22.35,231.59,-379.5,-116.25,-272.49,-328.2,-125.7,-251.92,334.2,-82.2,115.43,-343.5,-165.45,-184.89,342.3,-26.1,190.45
370.65,-23.55,146.41,-360.6,-127.05,-292.82,324.45,-3.9,137.21,-398.1,-105.45,-295.24,-346.05,-209.4,-250.71,309.45,14.7,184.16,-329.1,-130.35,-240.79,346.5,2.25,100.43,294.3,29.25,110.35,-300.6,-265.8,-256.52,280.65,22.2,230.63,-379.2,-115.8,-272.25,-328.8,-126.0,-252.41,336.3,-81.3,113.74,-344.25,-166.2,-184.4,342.9,-25.95,192.39
371.1,-21.45,145.68,-361.35,-126.15,-292.34,325.65,-3.3,138.42,-398.25,-104.85,-293.3,-345.45,-210.0,-250.23,309.45,14.4,182.95,-328.8,-129.6,-240.79,347.4,2.25,101.4,295.05,28.95,110.59,-299.85,-265.2,-257.49,282.45,24.15,231.84,-379.5,-117.0,-271.52,-328.05,-126.3,-252.89,335.7,-80.4,115.68,-344.4,-166.05,-181.74,342.3,-27.15,192.15
370.5,-22.5,146.17,-360.45,-126.75,-294.76,324.6,-4.05,136.49,-398.4,-105.45,-294.03,-346.35,-207.9,-252.41,312.0,15.15,182.71,-327.9,-131.55,-239.34,347.1,1.65,101.16,295.2,30.15,110.84,-301.05,-266.25,-257.49,280.5,22.95,231.11,-379.2,-117.6,-273.22,-328.2,-126.3,-252.16,335.1,-81.15,115.43,-342.45,-166.5,-184.16,343.5,-26.85,191.18
370.8,-24.6,145.93,-362.1,-126.6,-293.55,324.75,-2.85,138.42,-397.8,-105.3,-295.0,-346.05,-209.55,-251.68,310.05,15.3,182.47,-330.0,-130.05,-240.79,347.1,1.2,101.4,294.0,29.4,111.56,-300.75,-265.2,-255.79,280.5,22.2,230.63,-380.1,-118.05,-271.52,-328.65,-126.45,-252.89,335.25,-81.9,113.5,-343.8,-167.25,-181.98,343.5,-27.15,190.45
