382.5,-26.55,141.57,-347.7,-137.4,-295.97,338.25,-15.9,152.46,-390.9,-108.45,-274.67,-337.35,-208.65,-266.44,323.25,6.9,165.29,-313.95,-145.05,-242.97,360.9,-5.7,107.93,294.6,32.1,95.35,-299.7,-271.65,-275.88,286.5,9.3,216.83,-371.55,-127.2,-273.7,-333.6,-124.95,-262.57,330.15,-85.65,103.58,-345.75,-175.2,-192.39,344.55,-34.35,188.52
380.4,-25.95,139.88,-346.65,-137.85,-296.45,337.2,-16.35,151.49,-391.05,-107.1,-274.43,-336.9,-209.7,-266.44,322.35,6.0,168.67,-313.95,-144.6,-243.69,361.8,-5.4,107.21,294.75,32.85,94.14,-300.75,-271.05,-277.57,287.1,9.6,216.59,-372.0,-126.6,-272.98,-332.4,-125.7,-264.26,331.8,-85.65,103.33,-345.75,-174.6,-194.33,344.1,-35.1,187.07
382.5,-25.2,141.09,-346.65,-138.15,-295.72,336.45,-16.65,150.04,-391.2,-106.95,-275.15,-337.05,-208.8,-266.2,322.95,6.6,167.71,-314.25,-144.9,-244.18,360.6,-4.95,108.42,295.2,32.25,96.56,-299.4,-270.9,-277.82,286.95,8.4,218.04,-371.4,-127.95,-274.19,-332.85,-125.4,-261.84,329.7,-85.95,100.91,-345.9,-176.55,-194.08,343.8,-34.8,188.52
382.05,-25.8,139.63,-347.4,-138.3,-295.0,336.15,-16.05,151.01,-391.2,-107.1,-274.91,-337.2,-209.25,-266.44,323.7,6.75,166.5,-313.95,-145.95,-244.42,360.3,-6.15,109.87,294.45,31.35,94.38,-300.15,-271.65,-277.82,287.55,9.45,217.8,-371.7,-126.9,-272.98,-332.55,-123.75,-260.88,330.6,-85.05,103.58,-346.95,-175.2,-194.33,343.8,-34.35,188.03
381.45,-26.7,140.84,-347.55,-138.45,-296.45,336.9,-16.8,149.31,-390.75,-109.05,-274.43,-338.1,-208.35,-265.96,323.55,6.0,165.77,-313.5,-146.1,-243.21,360.9,-5.7,108.9,295.95,31.2,94.86,-300.75,-270.75,-277.57,286.5,9.0,217.8,-370.5,-127.2,-272.73,-333.15,-124.95,-263.54,332.25,-84.6,102.85,-346.05,-174.9,-191.91,344.7,-34.8,189.73
380.7,-25.5,141.81,-347.25,-138.3,-294.51,336.75,-14.85,150.28,-390.6,-108.3,-275.4,-337.35,-208.95,-266.44,323.1,6.3,166.74,-312.15,-146.4,-243.94,360.75,-6.15,108.42,295.05,31.05,96.32,-299.4,-270.15,-276.36,287.25,9.3,217.8,-372.3,-127.8,-274.43,-333.15,-124.5,-262.57,331.05,-85.5,105.03,-346.35,-175.05,-193.36,344.4,-34.35,186.82
382.2,-26.4,140.36,-346.8,-137.7,-294.27,335.85,-16.65,148.83,-391.65,-107.7,-277.09,-336.75,-208.2,-264.99,324.0,6.9,165.77,-314.1,-146.1,-243.45,360.9,-5.25,109.38,294.3,31.05,94.62,-299.7,-271.05,-276.61,286.95,9.9,216.59,-371.1,-127.5,-273.94,-332.7,-124.65,-261.84,330.75,-85.5,101.64,-345.9,-175.5,-194.57,343.65,-34.5,187.07
381.0,-26.4,141.09,-346.8,-137.85,-295.48,336.0,-15.45,149.56,-391.35,-107.7,-274.67,-337.35,-209.25,-263.78,322.65,5.85,165.29,-314.25,-145.2,-244.42,360.75,-6.6,108.42,295.05,31.35,94.14,-300.3,-271.65,-275.88,287.25,9.15,219.25,-370.65,-126.9,-273.7,-332.1,-125.4,-262.09,330.75,-85.95,102.61,-345.6,-175.2,-193.12,344.55,-33.75,187.31
381.6,-25.95,140.12,-347.25,-137.7,-293.79,335.1,-15.9,150.52,-391.8,-106.65,-277.09,-337.35,-208.8,-265.96,323.4,7.05,167.46,-313.65,-144.9,-243.69,360.0,-5.55,109.38,294.0,31.35,95.83,-300.15,-272.1,-275.88,287.55,9.0,217.8,-371.7,-127.2,-272.49,-332.55,-126.0,-261.6,329.7,-85.35,101.88,-344.7,-175.5,-193.6,344.55,-35.1,188.28
381.9,-25.35,140.84,-347.1,-138.15,-294.51,336.6,-15.75,150.04,-391.5,-107.7,-276.12,-336.75,-208.2,-266.44,323.25,7.05,165.77,-314.1,-144.75,-242.73,361.05,-5.7,108.42,295.5,31.95,96.8,-300.3,-271.8,-277.82,286.65,9.15,216.35,-370.8,-126.6,-272.25,-333.45,-125.25,-262.09,330.9,-85.35,103.09,-345.0,-175.2,-192.63,344.7,-35.1,187.07
381.15,-25.8,139.39,-347.85,-137.1,-296.69,336.0,-16.2,151.25,-391.2,-108.0,-276.12,-338.25,-209.7,-266.93,324.45,6.3,166.98,-313.5,-144.9,-243.94,361.5,-4.35,111.08,295.2,30.75,94.86,-299.85,-270.15,-276.12,285.75,8.25,217.32,-371.55,-127.2,-274.43,-333.0,-124.2,-262.09,330.0,-85.35,102.37,-346.2,-174.75,-193.84,345.15,-34.5,188.52
381.15,-26.1,140.6,-347.4,-137.55,-295.0,336.75,-16.65,151.01,-390.75,-107.4,-274.91,-337.35,-209.7,-265.96,322.5,6.45,167.22,-313.8,-145.35,-242.73,361.65,-4.8,108.42,295.8,31.5,94.62,-300.75,-271.65,-276.61,286.2,11.1,218.04,-371.1,-127.35,-274.43,-333.3,-125.1,-262.09,331.2,-85.65,100.91,-346.35,-174.9,-192.87,344.85,-34.65,189.24
382.5,-26.55,139.88,-347.7,-137.1,-293.79,336.15,-16.35,150.04,-391.65,-107.55,-273.94,-335.55,-208.95,-267.17,323.1,6.15,166.5,-313.95,-144.6,-243.45,361.2,-5.1,109.38,293.85,32.25,95.11,-300.45,-270.6,-276.61,285.9,10.35,217.32,-370.95,-127.2,-273.22,-332.85,-124.95,-263.05,330.6,-85.35,104.3,-344.1,-174.0,-192.15,344.55,-34.5,188.76
382.2,-26.4,141.09,-346.65,-138.15,-296.45,336.6,-16.35,150.04,-391.2,-107.25,-276.61,-336.6,-209.7,-265.47,324.15,6.45,165.77,-312.75,-144.75,-244.18,360.9,-4.95,110.11,294.15,30.3,94.62,-301.2,-271.65,-275.64,285.75,9.3,217.07,-370.8,-127.5,-275.15,-331.65,-125.1,-262.33,330.45,-84.75,103.82,-345.6,-174.9,-194.08,345.0,-35.1,188.28
380.85,-26.1,140.12,-348.0,-136.35,-294.03,337.05,-16.5,151.25,-392.1,-107.1,-273.94,-337.05,-208.8,-266.2,322.65,5.55,167.95,-313.35,-144.75,-242.97,360.3,-5.1,108.9,294.15,30.9,95.11,-300.0,-271.05,-276.61,286.8,8.7,218.04,-370.95,-127.35,-272.49,-333.45,-125.4,-264.02,330.45,-85.35,102.85,-345.9,-174.6,-191.66,343.95,-34.65,187.55
382.05,-25.35,139.88,-347.4,-137.85,-293.79,336.15,-16.65,151.25,-391.95,-107.25,-274.91,-337.5,-208.35,-266.44,323.55,7.05,167.95,-313.5,-145.5,-243.69,362.1,-4.5,109.87,295.05,31.35,96.07,-300.3,-271.8,-278.54,285.75,9.6,218.53,-371.7,-126.15,-274.43,-333.45,-125.55,-262.09,330.45,-85.65,102.37,-345.45,-175.95,-193.36,344.1,-34.35,187.31
381.75,-25.2,141.57,-346.35,-136.95,-295.97,336.3,-15.9,149.56,-390.6,-107.4,-274.67,-337.35,-208.5,-264.75,323.25,6.45,167.95,-312.75,-144.3,-243.21,362.25,-4.95,108.66,295.35,31.5,94.14,-300.6,-271.2,-275.64,287.85,9.0,215.86,-371.1,-127.2,-272.01,-333.0,-125.7,-264.02,330.9,-85.2,103.09,-346.5,-174.6,-194.08,344.7,-35.55,186.82
382.8,-25.35,139.63,-347.1,-136.95,-294.51,336.45,-15.0,150.04,-392.4,-107.55,-276.12,-336.45,-208.35,-265.47,323.4,7.2,167.95,-312.6,-144.75,-244.18,360.3,-5.7,108.66,295.05,30.9,94.86,-299.85,-271.2,-276.36,285.75,9.15,218.04,-371.4,-127.2,-272.73,-333.75,-125.7,-262.09,330.0,-84.75,102.85,-346.5,-176.4,-193.6,344.25,-35.7,186.82
380.25,-25.65,140.84,-347.7,-138.15,-294.51,336.15,-15.15,151.01,-391.35,-107.7,-274.91,-337.2,-207.0,-265.47,323.4,7.35,165.53,-313.95,-143.7,-243.45,361.2,-4.8,107.93,294.75,31.95,94.62,-300.15,-271.2,-274.43,286.2,8.7,217.32,-371.25,-126.75,-274.91,-333.6,-124.8,-261.84,331.35,-85.65,102.61,-345.45,-175.95,-192.39,344.25,-34.35,187.31
381.6,-26.7,140.12,-346.05,-138.0,-296.21,336.15,-16.95,150.77,-391.8,-108.15,-276.85,-336.45,-209.85,-264.99,323.1,6.75,167.22,-314.1,-144.45,-242.73,360.9,-6.75,110.35,294.3,31.05,94.38,-300.3,-271.35,-274.91,286.2,8.1,217.07,-371.25,-127.95,-272.73,-333.3,-125.25,-262.33,330.75,-85.65,103.58,-345.6,-175.8,-193.36,344.55,-34.2,186.34
382.35,-27.0,141.57,-347.55,-138.15,-293.79,337.05,-16.8,151.98,-391.65,-108.3,-274.43,-337.5,-209.4,-265.72,323.4,7.2,166.25,-313.95,-145.65,-242.48,361.2,-6.75,107.93,294.0,31.05,93.65,-300.15,-271.95,-277.57,287.1,9.3,217.8,-371.55,-127.5,-273.7,-332.55,-124.2,-262.81,330.3,-84.15,101.16,-345.0,-174.75,-193.84,343.65,-33.9,186.82
381.75,-26.55,140.6,-347.85,-137.55,-296.45,336.9,-16.35,151.73,-392.25,-108.3,-275.4,-337.8,-209.1,-265.23,322.2,7.2,167.46,-314.25,-145.65,-242.48,361.05,-5.4,108.17,292.8,30.75,95.83,-299.55,-271.65,-277.57,286.65,8.85,217.8,-371.4,-127.35,-274.91,-332.4,-125.4,-262.33,330.6,-84.75,102.85,-345.75,-176.4,-193.6,343.5,-35.25,186.58
381.75,-24.9,140.36,-347.1,-138.0,-294.27,336.3,-16.95,151.49,-391.5,-107.25,-274.91,-337.5,-208.95,-265.72,323.4,6.45,166.74,-313.95,-145.05,-243.21,361.35,-4.95,108.17,295.35,31.35,95.35,-301.35,-270.3,-276.12,285.9,8.7,217.8,-370.65,-127.5,-273.7,-332.85,-126.0,-261.6,330.75,-85.8,102.37,-345.75,-176.4,-193.6,344.25,-34.5,187.07
381.0,-27.75,139.88,-347.25,-138.0,-295.72,336.9,-15.75,151.98,-390.9,-107.25,-273.22,-337.5,-208.95,-265.47,323.1,6.45,167.95,-313.65,-145.05,-243.69,360.6,-5.4,110.35,294.45,31.8,94.14,-300.6,-271.95,-275.88,286.35,8.55,218.04,-371.25,-127.05,-272.98,-332.85,-125.55,-261.12,330.6,-85.35,103.09,-345.9,-176.25,-192.63,343.35,-34.8,188.52
381.6,-25.95,139.63,-347.25,-138.15,-295.0,336.15,-15.0,151.73,-391.8,-107.85,-275.64,-337.35,-209.55,-265.72,323.25,6.0,167.71,-313.05,-144.75,-244.66,360.9,-4.8,109.87,294.9,30.75,94.38,-300.9,-272.25,-278.3,286.35,9.15,216.83,-372.0,-126.75,-272.49,-333.0,-124.8,-262.09,330.6,-85.05,103.58,-345.0,-175.2,-193.12,344.25,-35.4,188.03
382.05,-26.25,142.05,-348.0,-138.3,-296.21,336.9,-15.75,150.52,-390.45,-107.55,-274.43,-337.35,-208.95,-265.23,323.1,6.9,166.98,-312.9,-145.65,-243.69,362.25,-5.85,109.14,294.75,31.2,95.59,-299.4,-270.9,-276.12,286.8,8.55,216.11,-370.8,-126.75,-273.46,-331.8,-124.8,-263.3,330.3,-86.1,102.85,-345.6,-176.1,-192.63,344.4,-35.1,189.73
381.75,-27.0,141.09,-348.0,-137.1,-295.24,337.5,-16.35,150.52,-391.65,-106.95,-273.7,-336.9,-209.4,-266.2,323.55,6.75,167.95,-314.55,-146.1,-243.21,360.9,-6.15,107.93,295.05,32.1,94.62,-299.85,-272.4,-276.61,286.35,8.25,217.56,-370.65,-127.2,-273.7,-332.7,-125.4,-262.57,330.9,-85.5,102.37,-344.85,-175.05,-193.6,344.4,-33.9,187.07
381.6,-25.8,140.6,-346.8,-137.7,-295.24,336.75,-16.05,150.52,-391.5,-107.85,-276.12,-336.3,-208.05,-266.68,322.8,6.15,166.5,-313.65,-145.35,-242.97,360.3,-5.55,109.87,294.9,31.35,94.38,-300.15,-270.6,-277.57,286.2,8.25,217.32,-371.25,-127.5,-275.15,-332.4,-125.55,-262.09,330.45,-85.35,104.3,-345.45,-176.4,-192.63,344.7,-34.05,188.76
381.0,-26.7,140.6,-346.95,-136.65,-296.45,335.55,-16.95,149.8,-392.1,-106.95,-275.15,-337.2,-208.95,-265.72,322.5,6.3,165.53,-313.2,-144.75,-244.18,360.6,-5.85,108.9,294.15,31.35,94.62,-300.75,-271.2,-276.61,286.05,9.3,218.53,-371.25,-126.0,-272.73,-333.3,-125.1,-262.09,330.15,-85.8,102.37,-345.45,-176.1,-193.36,344.25,-34.35,188.03
381.45,-25.5,140.6,-347.1,-138.45,-295.72,338.1,-16.2,150.04,-390.75,-107.1,-274.91,-336.6,-208.2,-264.99,323.4,5.7,167.46,-312.9,-145.35,-242.24,361.2,-6.0,109.63,294.75,31.5,95.59,-300.6,-271.35,-276.61,286.35,9.15,217.07,-370.8,-127.65,-273.22,-332.7,-124.8,-263.3,329.55,-84.75,102.12,-345.6,-175.05,-192.87,344.85,-33.75,187.79
381.3,-27.15,140.12,-346.95,-138.15,-295.0,336.6,-16.2,151.25,-390.9,-107.25,-276.12,-337.5,-208.8,-265.47,323.7,5.7,166.98,-313.2,-144.75,-243.69,360.6,-5.25,109.87,294.15,31.35,95.11,-298.95,-271.35,-276.36,286.05,9.75,219.25,-372.0,-126.6,-273.46,-332.1,-124.95,-261.84,330.0,-84.75,102.61,-345.6,-175.95,-193.36,345.3,-34.65,189.49
380.85,-25.8,140.12,-346.8,-137.4,-295.0,337.2,-15.6,152.46,-390.75,-107.7,-273.94,-338.1,-209.85,-265.72,322.35,5.55,165.77,-312.45,-144.0,-242.97,361.5,-5.85,108.42,295.35,31.35,95.35,-300.3,-271.8,-277.33,286.5,9.6,216.83,-372.0,-127.5,-273.94,-333.3,-124.65,-261.84,331.2,-85.05,102.37,-346.8,-174.75,-193.6,343.95,-33.9,187.55
381.15,-26.7,139.88,-346.8,-136.65,-295.97,336.6,-17.1,151.49,-391.35,-108.15,-275.88,-337.2,-208.05,-263.78,322.35,6.75,167.46,-314.4,-145.8,-243.45,361.2,-6.15,108.17,294.45,32.25,94.62,-299.1,-271.5,-275.88,286.05,8.7,218.28,-371.7,-126.15,-273.46,-331.8,-124.8,-261.36,330.6,-85.65,102.37,-345.6,-176.1,-194.33,344.4,-33.9,187.55
381.9,-25.65,141.09,-347.4,-138.15,-295.24,336.15,-16.5,153.19,-390.9,-107.55,-274.43,-336.6,-209.4,-265.23,323.25,6.15,166.01,-313.2,-144.6,-243.69,361.35,-5.55,109.63,294.3,31.35,95.35,-300.45,-270.15,-277.82,287.25,7.8,218.28,-371.25,-127.35,-273.46,-332.55,-125.1,-261.6,331.05,-84.0,104.06,-345.6,-174.3,-193.6,344.25,-34.35,188.52
381.15,-25.95,140.84,-346.65,-138.3,-294.76,337.35,-15.75,150.28,-390.9,-107.4,-273.7,-337.65,-208.8,-264.75,322.05,6.0,165.77,-312.3,-145.2,-243.45,361.65,-5.1,109.14,294.45,31.8,93.41,-299.55,-271.5,-275.15,287.25,8.85,219.01,-371.55,-128.25,-273.7,-332.85,-124.35,-263.54,330.6,-83.85,103.82,-345.15,-175.65,-193.36,344.25,-34.8,186.1
381.0,-27.3,141.09,-348.3,-137.25,-295.97,336.15,-16.35,151.49,-391.8,-108.6,-274.91,-337.8,-208.5,-265.72,323.25,6.3,166.25,-313.95,-145.5,-243.69,361.5,-5.4,108.17,294.6,31.8,95.83,-298.95,-272.1,-277.82,287.25,9.3,219.74,-371.7,-127.05,-272.01,-333.6,-124.05,-263.05,331.05,-84.75,101.4,-345.75,-176.1,-193.12,344.55,-35.7,189.0
381.15,-26.7,141.09,-347.7,-137.4,-293.3,335.55,-15.75,151.73,-393.0,-108.3,-274.67,-337.8,-209.4,-265.47,323.1,5.7,166.25,-314.1,-144.75,-243.69,362.4,-6.0,109.14,295.05,31.05,94.86,-299.4,-271.05,-276.85,286.2,9.0,216.59,-371.1,-126.3,-273.7,-332.25,-125.85,-262.33,331.05,-84.6,101.64,-345.3,-174.75,-194.57,344.25,-33.75,186.1
382.5,-25.8,140.6,-346.8,-137.25,-297.18,336.75,-15.3,151.01,-391.65,-107.25,-275.64,-336.3,-208.5,-266.2,322.35,6.75,169.4,-313.2,-145.35,-243.94,360.6,-5.55,109.87,295.35,33.0,93.65,-299.85,-271.65,-275.64,286.65,8.85,217.07,-371.25,-127.05,-274.43,-331.65,-124.5,-262.09,330.0,-85.05,103.33,-345.6,-174.15,-192.15,343.95,-34.35,186.58
382.05,-26.1,140.12,-346.8,-137.85,-294.03,336.6,-17.1,151.01,-390.9,-108.45,-276.12,-336.6,-209.55,-265.23,322.5,5.7,166.5,-313.35,-145.65,-242.97,361.5,-5.7,109.63,295.2,31.2,94.86,-301.8,-271.2,-276.61,285.15,8.85,218.04,-370.95,-127.2,-274.91,-331.5,-125.25,-262.33,330.3,-85.2,102.85,-345.75,-173.55,-193.12,343.95,-34.35,186.82
381.0,-26.55,142.78,-347.4,-138.0,-297.18,335.4,-16.8,149.56,-392.4,-107.1,-276.12,-336.75,-208.05,-265.23,322.95,6.15,165.04,-314.25,-145.5,-243.69,361.35,-4.95,107.93,294.0,31.5,95.59,-300.75,-271.05,-276.12,286.95,8.55,218.28,-370.8,-127.35,-272.01,-332.55,-125.55,-262.09,330.75,-85.5,102.85,-346.05,-175.2,-194.08,344.4,-34.8,189.0
382.05,-26.7,139.88,-347.85,-137.25,-295.48,336.6,-16.2,149.56,-391.35,-107.7,-274.91,-338.4,-208.95,-265.72,323.7,6.15,167.46,-312.45,-144.6,-243.69,362.25,-5.7,109.63,295.2,30.3,96.07,-299.25,-271.35,-275.64,287.55,8.55,216.83,-371.1,-126.9,-273.46,-333.0,-125.85,-262.09,331.05,-84.45,102.85,-345.3,-175.05,-192.63,344.55,-33.45,189.0
382.05,-26.55,140.84,-347.55,-138.45,-297.18,337.65,-16.35,151.25,-390.75,-108.15,-275.4,-336.6,-208.8,-267.17,322.65,7.05,166.74,-312.6,-147.15,-242.97,361.5,-6.0,108.66,295.35,30.6,92.93,-301.05,-272.1,-277.82,285.45,9.0,217.32,-371.55,-127.05,-274.91,-332.85,-125.4,-260.88,329.7,-85.5,103.58,-345.0,-175.05,-192.15,344.7,-35.25,187.79
382.05,-25.35,140.36,-347.55,-137.4,-294.27,335.4,-16.35,150.77,-390.45,-106.65,-275.15,-336.3,-208.8,-266.93,323.4,6.6,166.74,-312.75,-145.8,-242.48,362.7,-5.85,109.14,293.85,31.2,96.07,-300.15,-270.9,-277.82,286.8,9.0,217.56,-371.4,-127.2,-273.46,-332.85,-124.8,-261.36,330.9,-84.75,102.85,-346.05,-175.95,-195.29,344.1,-34.65,187.55
380.85,-25.95,141.81,-347.25,-137.25,-294.27,336.75,-16.35,150.28,-391.65,-107.85,-276.12,-337.65,-208.95,-266.68,322.8,6.6,167.71,-312.6,-145.95,-242.97,361.2,-5.4,109.38,295.95,30.6,95.83,-300.75,-271.8,-275.88,286.65,9.45,216.59,-370.8,-127.2,-273.22,-333.6,-126.0,-261.6,330.6,-85.5,101.88,-344.7,-175.2,-192.63,344.25,-34.2,188.76
381.6,-25.95,139.88,-347.7,-138.15,-295.0,337.65,-15.3,151.98,-391.5,-107.25,-274.43,-337.5,-208.5,-266.93,323.55,6.15,167.46,-312.6,-145.8,-243.45,360.15,-6.0,109.38,295.05,31.65,95.35,-300.45,-271.2,-276.61,286.65,8.25,218.28,-372.45,-126.6,-273.22,-332.55,-124.2,-262.09,330.3,-85.95,103.33,-345.0,-174.75,-192.63,343.8,-33.75,189.0
381.15,-25.8,141.81,-348.3,-138.15,-295.24,336.6,-16.2,150.28,-391.65,-108.15,-275.64,-337.2,-208.35,-266.68,323.4,7.2,166.25,-314.55,-144.75,-241.76,360.6,-5.85,109.87,294.9,32.1,94.14,-300.0,-270.15,-275.15,286.35,8.4,219.25,-372.75,-127.65,-273.22,-333.15,-124.5,-261.36,330.3,-85.65,104.54,-346.35,-175.35,-194.33,343.8,-35.25,187.31
381.75,-26.55,142.78,-346.05,-137.55,-295.72,336.6,-17.55,151.98,-391.65,-107.1,-275.4,-337.5,-208.8,-265.72,322.95,6.15,165.53,-314.1,-145.35,-243.94,361.2,-6.45,108.66,296.1,31.5,94.86,-299.85,-271.05,-277.33,286.5,8.7,217.8,-371.55,-126.0,-273.94,-333.0,-125.55,-262.09,331.35,-85.35,102.37,-346.05,-175.2,-191.18,344.25,-34.35,188.52
381.45,-26.4,140.36,-347.85,-138.0,-295.24,337.5,-16.05,150.28,-392.55,-107.7,-276.12,-338.4,-209.25,-265.47,322.95,5.25,166.74,-313.2,-145.05,-242.24,360.3,-4.95,109.38,294.0,31.2,93.65,-299.4,-272.25,-277.09,286.95,7.95,218.04,-371.1,-127.2,-274.43,-332.25,-125.25,-264.26,330.6,-85.2,103.33,-345.9,-175.5,-193.36,345.45,-33.9,187.31
381.0,-25.95,141.81,-347.7,-137.25,-295.48,337.5,-15.75,150.52,-391.05,-109.35,-275.64,-337.5,-208.35,-266.44,322.5,7.05,166.98,-313.5,-145.05,-242.0,362.7,-5.85,109.87,294.9,31.05,95.59,-300.0,-270.6,-277.57,287.1,8.7,218.77,-370.8,-127.05,-272.98,-333.0,-124.05,-262.09,331.2,-85.05,103.58,-346.05,-175.65,-194.08,344.4,-33.75,188.76
381.3,-25.2,139.63,-347.1,-136.8,-294.27,336.6,-15.6,151.73,-391.2,-106.65,-274.19,-337.35,-208.2,-265.23,322.95,6.15,166.74,-313.5,-145.35,-242.73,360.6,-5.85,108.66,294.6,31.8,93.65,-299.85,-271.65,-275.4,286.05,9.3,218.04,-371.25,-127.05,-274.67,-333.0,-125.7,-264.02,330.6,-84.75,102.61,-345.75,-174.9,-191.91,344.1,-34.95,187.07
