383.55,-29.55,150.77,-346.65,-138.3,-279.99,337.95,-11.4,165.53,-390.3,-102.15,-265.72,-327.45,-211.95,-258.21,334.8,4.8,179.56,-302.7,-141.0,-230.87,369.9,-0.6,116.16,307.8,32.4,91.23,-283.95,-270.6,-282.66,303.45,7.8,214.17,-362.25,-128.7,-276.85,-328.5,-123.0,-271.04,336.75,-83.7,89.3,-341.7,-179.85,-204.73,349.05,-39.45,181.5
383.25,-30.45,150.04,-346.2,-137.85,-281.93,337.35,-10.8,165.77,-390.3,-101.7,-267.65,-327.3,-211.5,-258.7,335.55,3.9,180.05,-301.35,-143.1,-230.14,370.5,-0.45,115.68,307.05,32.1,91.23,-283.5,-269.85,-280.96,302.85,8.25,213.69,-361.95,-128.25,-276.36,-328.5,-122.85,-270.56,335.4,-84.75,89.3,-340.8,-178.65,-206.43,349.05,-38.85,181.74
384.6,-30.9,152.22,-346.8,-137.7,-282.17,336.6,-10.8,164.56,-390.15,-101.25,-266.93,-327.3,-212.4,-259.18,336.3,5.25,179.81,-301.5,-141.0,-231.11,369.45,-0.3,115.68,306.45,32.25,93.17,-283.5,-270.75,-280.48,303.0,6.75,212.96,-360.9,-129.6,-276.61,-328.35,-121.05,-271.28,334.95,-84.75,90.27,-340.8,-178.95,-205.94,348.6,-39.15,182.47
383.25,-30.9,152.46,-347.55,-137.4,-281.93,336.6,-12.15,165.53,-390.3,-101.25,-267.41,-327.0,-213.6,-258.94,335.55,5.4,179.81,-301.8,-142.65,-230.87,370.05,-0.45,116.16,305.55,31.8,91.23,-283.95,-270.45,-281.45,303.45,9.0,214.41,-361.8,-127.5,-275.15,-328.35,-121.5,-271.28,335.55,-84.45,89.3,-341.4,-180.45,-206.67,349.5,-39.45,181.26
384.0,-31.2,150.77,-347.4,-138.0,-280.96,336.3,-11.55,166.25,-389.25,-102.3,-266.68,-326.7,-212.7,-257.49,336.0,4.8,180.29,-301.95,-140.55,-230.38,368.55,-1.05,117.13,306.0,32.1,92.44,-283.2,-270.75,-281.69,302.1,9.0,213.69,-361.8,-129.6,-275.15,-327.3,-121.5,-270.56,334.95,-84.75,90.99,-341.85,-180.45,-206.91,348.6,-38.7,181.5
383.7,-30.0,150.28,-347.1,-138.6,-279.75,338.25,-11.55,163.59,-390.3,-100.8,-265.47,-327.0,-212.4,-260.63,336.15,4.95,178.35,-302.1,-141.0,-230.87,369.6,-1.2,115.68,307.2,31.05,92.69,-283.65,-271.05,-280.96,302.25,7.95,213.69,-360.6,-128.7,-273.7,-329.1,-122.4,-271.77,336.3,-83.85,90.02,-341.25,-179.1,-207.15,350.1,-39.45,180.53
383.7,-30.0,151.25,-347.1,-138.9,-279.03,337.35,-11.85,164.32,-390.45,-102.0,-267.41,-327.9,-212.85,-258.94,335.85,5.7,179.32,-302.55,-141.45,-230.14,370.05,-1.05,116.16,306.45,31.95,92.69,-283.8,-271.35,-279.99,302.7,7.95,213.93,-361.5,-127.95,-275.64,-329.1,-122.7,-270.8,336.0,-84.6,90.02,-340.8,-179.55,-207.39,349.05,-40.65,179.81
382.8,-30.6,150.52,-346.5,-138.3,-280.96,336.9,-11.7,164.32,-392.55,-102.3,-266.2,-327.45,-213.15,-257.49,335.25,4.2,180.53,-302.1,-141.6,-230.87,369.75,-0.75,115.19,306.75,31.8,91.23,-283.8,-269.7,-281.45,301.8,8.25,211.75,-360.9,-129.0,-277.09,-329.1,-121.8,-271.28,335.7,-84.15,89.06,-341.4,-179.7,-206.67,348.15,-40.05,180.29
383.1,-29.55,151.49,-346.5,-138.3,-281.45,336.6,-11.55,165.04,-390.15,-101.55,-265.23,-327.6,-213.15,-258.46,335.7,5.25,179.81,-301.35,-141.9,-231.35,369.6,-0.3,115.68,306.9,30.9,92.93,-283.2,-270.6,-281.2,303.0,7.95,212.72,-360.9,-127.95,-274.67,-328.95,-121.95,-270.8,336.0,-83.85,89.78,-340.95,-179.25,-205.7,348.0,-39.45,180.53
383.85,-28.8,150.28,-346.8,-138.3,-281.69,336.9,-11.85,165.04,-390.45,-102.75,-267.17,-326.7,-212.55,-258.46,336.0,5.55,179.32,-302.85,-141.75,-229.42,369.0,-1.65,116.4,307.05,32.55,91.96,-284.85,-271.2,-281.69,303.3,9.45,212.72,-361.95,-128.55,-275.4,-328.05,-123.6,-270.07,335.7,-84.9,90.27,-340.95,-179.7,-205.22,348.45,-39.3,182.23
383.85,-30.0,150.52,-346.8,-138.6,-279.51,337.2,-11.7,164.56,-390.75,-102.6,-266.2,-327.3,-213.45,-257.25,335.4,6.45,179.56,-301.95,-141.3,-231.11,369.45,-1.2,116.4,306.6,30.75,91.72,-283.5,-271.2,-279.75,302.55,7.35,214.41,-361.8,-127.8,-275.4,-328.5,-122.4,-271.77,335.4,-83.4,89.3,-341.4,-179.1,-205.94,349.35,-39.9,182.47
384.3,-29.7,151.98,-346.35,-137.85,-280.72,336.3,-12.3,164.08,-390.75,-102.15,-267.89,-327.6,-213.0,-257.97,334.8,6.3,179.08,-303.6,-140.85,-230.63,370.5,-0.45,114.47,307.2,32.7,91.72,-283.2,-271.05,-281.69,304.2,8.85,213.44,-361.5,-128.4,-274.91,-329.1,-121.5,-271.52,335.7,-84.15,88.09,-340.65,-178.95,-206.67,349.5,-39.75,180.05
384.3,-30.15,151.73,-347.25,-138.3,-281.45,337.35,-11.85,164.08,-390.75,-101.7,-266.2,-326.4,-212.1,-257.97,335.7,5.25,180.77,-301.5,-143.1,-231.11,370.2,-0.3,115.92,307.35,31.95,91.23,-283.8,-270.75,-282.66,303.9,7.35,213.93,-361.05,-127.5,-275.64,-328.65,-122.7,-271.28,335.4,-84.3,90.02,-341.55,-178.65,-204.73,349.05,-38.7,182.47
384.3,-30.0,150.04,-346.2,-138.0,-280.72,338.25,-11.85,166.01,-390.75,-101.1,-268.38,-327.3,-213.15,-257.97,335.25,3.9,181.02,-301.65,-141.45,-230.14,369.15,-1.05,116.16,307.8,31.95,92.69,-283.5,-270.0,-281.93,302.55,8.25,212.72,-361.8,-129.45,-276.12,-329.1,-122.4,-272.49,335.85,-83.85,87.85,-341.55,-180.9,-205.7,348.15,-39.0,181.98
383.55,-31.65,151.01,-346.35,-138.3,-279.99,336.75,-11.85,165.29,-390.9,-100.65,-266.2,-326.55,-213.0,-258.7,335.25,5.55,179.81,-301.95,-141.0,-230.14,369.6,-0.9,114.95,306.6,32.1,92.69,-283.5,-270.0,-280.72,301.5,7.95,213.93,-361.35,-127.8,-275.88,-328.5,-123.45,-270.8,334.5,-84.45,90.02,-341.1,-179.85,-205.7,348.75,-40.5,180.05
382.95,-30.15,150.28,-346.95,-139.5,-279.51,337.05,-12.45,164.32,-389.7,-100.95,-265.72,-326.55,-212.85,-258.21,334.95,5.55,179.56,-301.65,-141.45,-229.9,370.5,-1.35,115.92,307.5,31.65,91.23,-283.2,-270.6,-280.96,302.55,7.95,213.69,-361.5,-127.95,-274.19,-328.5,-121.65,-270.56,335.1,-84.45,91.48,-339.75,-179.1,-204.97,349.95,-39.0,181.74
384.15,-29.1,151.01,-346.35,-137.1,-281.93,336.6,-12.15,163.11,-389.55,-101.7,-267.17,-327.0,-212.55,-256.76,335.4,6.0,181.02,-301.2,-140.7,-231.35,369.0,-0.15,116.64,305.7,31.95,90.75,-284.4,-270.6,-280.96,302.25,7.8,212.48,-360.9,-128.4,-274.67,-328.05,-122.55,-271.04,335.25,-84.3,90.51,-340.95,-179.1,-205.22,348.9,-39.75,180.29
382.95,-29.7,153.19,-346.35,-137.4,-280.24,336.6,-10.95,166.01,-390.45,-101.25,-266.68,-326.7,-212.1,-259.18,334.35,5.55,180.05,-302.4,-141.9,-230.14,369.0,-1.5,115.68,307.35,32.7,91.72,-283.65,-270.6,-281.45,302.25,8.55,213.2,-361.5,-128.25,-275.4,-328.2,-122.25,-271.28,335.55,-83.25,89.78,-340.95,-178.2,-205.7,348.6,-40.2,181.26
383.7,-29.7,150.04,-347.7,-139.05,-281.45,335.4,-11.85,165.53,-391.05,-101.55,-265.96,-327.75,-211.5,-257.49,335.7,6.15,179.08,-303.0,-141.3,-230.87,370.5,-0.75,115.43,306.75,33.0,91.96,-283.65,-270.45,-281.69,302.7,9.15,213.93,-361.2,-129.15,-275.64,-328.35,-121.5,-270.56,334.8,-84.9,88.33,-341.55,-180.3,-206.43,348.45,-38.85,182.47
384.3,-29.55,151.73,-346.95,-138.45,-281.93,336.75,-12.6,165.04,-390.6,-100.95,-266.93,-326.25,-213.15,-258.94,335.4,4.65,178.6,-302.55,-141.6,-230.38,370.65,-1.65,115.92,306.15,32.25,92.44,-283.2,-270.9,-283.14,302.1,7.95,215.14,-361.2,-128.85,-275.4,-329.25,-122.55,-269.83,334.5,-84.3,89.06,-340.2,-179.55,-206.43,349.65,-39.9,180.77
383.4,-29.4,151.25,-346.8,-137.55,-280.24,337.2,-11.7,165.04,-390.0,-101.7,-267.65,-327.45,-212.25,-257.25,335.7,6.15,180.77,-301.8,-142.2,-230.38,370.2,0.6,113.74,306.75,32.25,92.93,-283.65,-271.05,-281.69,303.3,8.25,212.96,-361.05,-128.1,-276.12,-328.05,-121.8,-273.22,336.75,-84.0,91.48,-341.7,-179.7,-206.43,348.75,-39.15,181.5
384.15,-30.3,150.52,-347.1,-138.3,-280.72,335.7,-11.85,166.25,-390.3,-102.75,-265.23,-326.7,-213.45,-258.21,335.85,5.4,180.29,-302.55,-141.9,-231.59,369.75,-0.9,115.43,307.65,33.45,92.2,-283.8,-271.2,-280.96,302.7,8.85,215.14,-361.95,-127.65,-274.19,-329.55,-121.2,-270.56,336.6,-85.2,89.78,-340.65,-179.7,-205.46,348.75,-39.45,181.26
382.65,-30.6,150.77,-347.85,-137.7,-280.48,336.6,-11.25,165.53,-390.75,-101.25,-267.89,-327.6,-212.7,-257.73,335.1,5.1,181.02,-301.65,-140.55,-231.84,369.6,-1.2,114.22,307.2,31.8,91.48,-282.9,-270.3,-281.45,302.25,9.0,213.69,-362.25,-130.65,-274.91,-328.2,-123.0,-271.52,336.0,-83.85,89.78,-341.25,-179.85,-204.01,348.15,-40.65,182.47
384.3,-30.0,151.01,-346.8,-138.6,-279.51,336.75,-11.25,164.32,-390.75,-100.8,-266.44,-327.0,-212.85,-259.18,334.8,6.15,179.56,-302.7,-141.6,-230.38,370.35,-0.75,116.64,306.3,32.7,91.23,-283.05,-271.05,-280.72,302.85,9.0,213.2,-361.5,-129.15,-276.36,-328.05,-122.25,-270.8,336.0,-84.15,90.27,-341.25,-179.85,-206.18,348.0,-40.05,179.56
383.4,-29.85,149.8,-346.35,-137.85,-281.69,336.75,-12.45,164.32,-390.75,-101.55,-267.41,-326.55,-212.1,-258.94,335.1,5.7,179.08,-301.5,-141.6,-231.59,370.95,-1.2,115.68,305.7,32.4,93.17,-284.25,-270.9,-282.41,301.95,8.1,213.44,-361.95,-127.65,-274.91,-328.5,-121.35,-271.52,336.0,-82.8,89.54,-342.75,-180.0,-205.7,347.85,-40.2,180.53
383.55,-29.4,152.46,-346.35,-139.2,-280.48,337.35,-12.3,165.77,-389.7,-101.7,-265.96,-327.0,-212.7,-257.97,336.0,5.55,179.81,-302.55,-141.9,-231.11,370.65,-1.5,115.68,306.3,33.15,90.27,-284.4,-271.05,-280.96,303.45,8.25,213.44,-361.05,-129.0,-275.88,-328.35,-122.25,-270.8,335.4,-84.45,89.3,-342.15,-178.8,-207.15,349.05,-39.75,180.77
383.7,-30.0,151.01,-346.35,-137.25,-282.17,337.35,-12.3,163.11,-390.75,-101.4,-265.72,-326.55,-213.0,-259.91,335.85,4.95,180.53,-302.55,-141.9,-232.32,370.2,-1.05,115.19,307.35,31.2,93.17,-283.8,-271.5,-282.9,303.45,8.55,212.96,-361.2,-129.3,-276.12,-329.25,-123.0,-271.77,335.85,-84.75,90.27,-341.85,-179.1,-206.67,349.35,-39.9,180.53
383.1,-30.3,151.49,-347.85,-138.45,-281.45,337.65,-12.0,165.77,-391.05,-101.85,-264.75,-327.75,-212.85,-258.46,336.15,6.0,181.74,-301.8,-141.3,-231.11,369.3,-1.35,115.43,306.45,31.35,92.69,-283.35,-270.6,-281.2,303.9,8.7,213.2,-361.95,-128.85,-277.33,-328.5,-122.1,-269.1,334.95,-84.3,91.48,-341.85,-179.85,-206.18,348.75,-39.15,181.74
383.85,-29.4,151.25,-347.7,-138.3,-279.99,336.75,-12.45,164.56,-390.6,-102.15,-266.2,-325.95,-212.25,-259.18,335.4,5.25,179.08,-301.35,-142.05,-229.66,369.75,-0.9,115.19,306.75,32.85,93.17,-283.8,-270.75,-281.45,302.25,9.0,213.44,-361.8,-127.8,-274.43,-328.35,-122.4,-272.01,334.35,-84.15,90.27,-340.35,-179.85,-206.18,349.05,-39.0,180.53
384.3,-30.6,151.01,-346.2,-138.0,-279.27,337.05,-11.4,165.77,-390.75,-101.25,-265.72,-327.3,-213.0,-258.21,335.85,4.8,180.29,-301.95,-142.05,-231.35,370.05,-0.45,114.95,306.3,32.1,92.93,-283.05,-270.15,-281.93,303.75,7.2,212.23,-360.9,-129.45,-275.15,-328.35,-121.5,-272.25,335.1,-84.15,89.3,-341.25,-179.55,-204.97,349.05,-39.6,182.47
383.25,-30.0,150.52,-346.95,-138.9,-280.72,337.35,-12.3,164.32,-390.15,-102.45,-266.93,-327.9,-211.8,-259.67,334.8,4.05,179.08,-301.95,-142.05,-230.14,369.0,0.0,114.95,306.6,31.8,92.2,-285.0,-271.05,-282.66,303.15,8.55,214.41,-361.95,-128.1,-276.61,-328.8,-123.15,-271.52,334.8,-85.2,90.27,-341.4,-179.1,-206.67,349.05,-39.6,181.98
383.7,-29.55,150.28,-346.05,-138.45,-281.93,336.9,-11.85,164.08,-391.5,-101.1,-269.1,-325.5,-211.5,-259.18,334.95,5.85,179.56,-302.7,-141.45,-230.63,369.75,-1.2,115.19,305.4,31.05,92.44,-283.65,-269.7,-281.69,302.25,9.3,212.96,-361.05,-128.85,-275.15,-329.1,-122.4,-272.25,334.5,-84.45,90.51,-342.0,-179.1,-206.43,349.35,-38.85,181.02
382.8,-29.7,151.49,-346.65,-137.4,-280.24,337.2,-11.25,164.32,-390.75,-101.4,-267.41,-327.6,-213.0,-257.97,335.85,6.0,179.81,-302.85,-142.5,-232.32,369.3,-1.2,114.71,305.55,31.8,91.96,-284.25,-271.65,-280.48,302.55,7.8,213.44,-361.2,-129.3,-276.36,-327.9,-122.25,-271.77,336.0,-84.15,89.78,-341.4,-179.7,-205.7,348.3,-38.7,181.02
384.15,-30.75,150.77,-346.8,-138.6,-280.96,336.9,-11.4,165.29,-390.3,-101.4,-266.93,-327.0,-213.0,-257.49,336.15,4.8,179.81,-302.4,-141.9,-231.59,369.6,-1.65,114.95,306.6,32.4,91.23,-284.1,-270.45,-280.72,301.95,7.35,212.48,-360.6,-128.1,-276.61,-328.65,-123.15,-271.04,336.3,-83.85,90.75,-341.7,-179.85,-205.94,349.2,-39.15,181.74
383.1,-30.6,150.52,-347.1,-137.85,-281.93,336.3,-11.85,163.83,-389.85,-102.3,-266.44,-326.4,-212.55,-259.91,335.4,5.85,178.84,-301.65,-142.5,-231.35,370.95,-1.65,116.16,306.6,32.25,93.41,-282.9,-271.05,-282.17,303.45,8.7,211.02,-360.75,-129.3,-276.85,-328.65,-121.65,-269.83,334.65,-84.75,89.54,-341.25,-179.85,-207.15,349.2,-39.0,180.53
383.55,-29.55,149.8,-347.4,-139.2,-279.27,336.75,-12.75,164.32,-389.85,-102.3,-265.47,-327.75,-211.5,-257.97,336.6,5.7,179.32,-301.5,-142.2,-232.8,369.6,-1.2,115.43,307.05,31.2,91.72,-282.75,-270.6,-280.96,303.0,7.95,214.17,-361.05,-128.7,-276.12,-328.5,-122.7,-271.52,334.35,-84.3,88.81,-341.7,-178.65,-204.73,348.45,-38.85,182.47
384.3,-29.85,151.49,-347.7,-139.05,-279.99,337.35,-11.7,163.59,-390.9,-101.7,-267.65,-327.75,-211.5,-258.94,335.7,5.25,180.53,-301.95,-142.05,-229.9,369.0,-1.2,116.16,306.9,32.1,92.93,-283.65,-270.75,-281.2,302.4,8.4,213.2,-362.4,-129.15,-276.36,-328.2,-121.65,-272.01,334.65,-84.45,90.27,-341.4,-178.8,-204.97,348.75,-41.1,179.81
383.55,-30.15,150.77,-347.1,-137.25,-280.72,336.45,-11.55,165.29,-390.6,-100.65,-265.23,-326.25,-212.7,-258.94,334.95,4.8,181.02,-301.5,-141.3,-231.35,369.15,-1.05,114.47,306.6,32.25,94.38,-283.65,-269.85,-281.93,303.0,7.35,213.93,-361.2,-129.9,-274.67,-327.9,-121.2,-270.56,335.7,-84.0,89.06,-340.65,-178.95,-204.49,348.45,-39.75,180.53
383.85,-29.85,151.25,-346.95,-138.6,-280.72,336.75,-12.45,163.83,-390.15,-101.55,-266.2,-326.85,-212.7,-257.25,335.4,4.5,179.81,-301.5,-142.5,-231.59,370.5,-1.8,116.16,306.15,32.85,92.93,-283.2,-271.05,-281.69,302.4,8.55,212.96,-361.5,-129.15,-275.4,-327.9,-121.5,-268.86,335.25,-84.45,89.06,-341.7,-178.65,-206.67,347.85,-39.6,181.02
383.25,-29.55,152.22,-346.8,-138.45,-281.69,337.5,-10.65,165.04,-390.3,-100.95,-266.68,-327.15,-212.7,-257.49,335.85,5.4,179.56,-302.85,-142.05,-230.14,370.05,-1.95,117.13,305.7,31.05,90.75,-283.2,-270.75,-280.72,302.4,8.55,213.44,-361.8,-128.85,-276.61,-329.55,-122.4,-270.56,335.7,-83.4,90.02,-340.35,-179.1,-206.43,350.25,-38.4,181.26
383.55,-28.95,151.25,-347.85,-137.7,-280.72,337.35,-12.0,164.08,-389.25,-102.75,-268.14,-327.15,-212.7,-257.0,336.15,5.4,179.56,-302.1,-141.0,-231.11,369.9,-1.35,116.89,306.75,31.2,91.48,-284.4,-270.3,-281.2,302.4,8.55,213.93,-361.35,-128.1,-275.88,-328.65,-122.25,-272.01,335.55,-84.45,87.36,-340.8,-180.0,-206.67,348.9,-38.85,180.29
383.85,-30.3,150.04,-347.4,-137.4,-281.45,337.5,-12.15,165.29,-390.15,-102.0,-266.44,-325.8,-212.7,-258.46,335.55,4.8,179.32,-302.25,-141.9,-230.14,368.4,-0.45,114.47,306.9,31.8,90.75,-283.65,-270.0,-281.93,302.4,7.95,214.17,-361.2,-128.85,-274.91,-329.55,-120.9,-270.56,335.55,-85.2,89.78,-341.1,-178.95,-205.46,348.3,-39.3,180.53
384.75,-30.6,149.8,-347.85,-138.75,-281.2,338.25,-12.0,165.29,-389.85,-100.95,-268.38,-327.15,-212.4,-258.94,334.95,4.5,179.81,-301.35,-142.2,-230.14,368.55,-0.9,117.85,307.35,31.2,92.93,-283.5,-271.05,-280.72,302.1,7.65,213.2,-362.55,-128.25,-275.4,-328.35,-122.85,-271.04,335.4,-84.3,89.06,-340.65,-178.5,-206.67,349.5,-38.4,181.74
384.0,-30.75,149.31,-346.5,-139.35,-279.99,336.6,-11.55,164.8,-390.9,-100.5,-266.2,-327.75,-211.5,-257.97,335.85,5.7,180.29,-302.1,-142.5,-230.63,369.6,-0.3,115.68,306.9,31.95,92.93,-283.8,-270.75,-282.41,302.4,7.5,214.17,-360.9,-128.7,-274.67,-328.2,-122.25,-271.04,335.85,-84.6,89.78,-340.65,-179.1,-205.46,349.35,-39.0,181.26
383.4,-29.25,151.49,-346.65,-137.55,-280.72,337.05,-11.7,165.29,-390.75,-101.1,-265.72,-326.55,-212.7,-257.73,335.4,4.65,179.81,-301.65,-142.95,-230.63,369.0,-1.5,116.16,306.3,31.8,94.14,-283.05,-270.45,-282.41,303.0,9.0,212.96,-362.85,-128.85,-275.88,-328.8,-121.95,-271.28,334.95,-84.45,89.06,-341.7,-180.45,-205.7,348.6,-39.9,181.5
384.0,-29.85,150.28,-346.95,-138.3,-282.17,337.5,-11.85,166.5,-390.9,-102.3,-266.93,-327.0,-213.45,-256.76,334.95,6.15,180.53,-302.25,-141.15,-230.87,369.0,-2.1,117.13,306.3,31.65,91.72,-284.55,-271.05,-280.24,302.7,8.4,213.2,-360.45,-128.25,-274.91,-328.5,-121.65,-270.56,334.5,-83.85,90.27,-340.95,-179.25,-206.18,348.9,-38.7,182.71
384.0,-30.3,151.01,-346.95,-138.15,-281.45,335.4,-12.3,164.8,-390.3,-101.85,-266.93,-327.3,-212.55,-258.94,336.15,5.85,178.6,-301.2,-141.3,-230.87,369.3,-0.9,114.95,307.05,32.25,93.17,-283.95,-270.75,-279.99,303.0,9.45,212.96,-360.75,-129.3,-274.43,-327.75,-122.25,-270.31,334.95,-84.45,89.78,-341.7,-178.35,-206.18,349.05,-39.0,180.53
384.15,-30.0,150.28,-347.1,-138.45,-281.45,337.05,-12.9,164.56,-389.7,-101.7,-265.23,-327.15,-212.85,-258.94,336.3,5.25,179.32,-302.25,-141.15,-231.59,368.7,-1.2,115.92,306.9,31.5,91.96,-283.35,-271.65,-283.62,303.3,8.85,212.96,-360.45,-128.55,-274.91,-329.25,-123.75,-272.25,335.4,-84.15,89.06,-341.4,-178.95,-207.39,349.5,-38.85,180.77
384.3,-29.55,151.98,-346.65,-139.35,-279.27,336.75,-10.8,165.29,-390.3,-102.15,-266.68,-326.25,-211.5,-258.21,335.7,4.95,180.29,-302.1,-141.6,-231.11,369.0,-0.9,115.68,307.05,32.4,93.65,-283.65,-271.2,-280.24,303.3,7.65,212.48,-361.8,-129.3,-276.12,-328.8,-122.7,-270.31,335.25,-84.45,89.3,-341.1,-179.85,-207.64,349.05,-39.0,180.77
383.55,-30.75,150.77,-346.8,-137.55,-281.69,336.75,-12.15,165.04,-391.2,-102.15,-267.17,-327.75,-212.4,-257.97,335.4,6.0,179.56,-301.8,-142.05,-231.35,369.3,-1.65,115.92,306.3,31.65,91.23,-283.05,-270.75,-281.69,301.95,9.45,212.96,-361.65,-128.25,-275.15,-328.2,-122.25,-270.56,335.55,-84.3,90.75,-342.0,-178.65,-206.18,348.0,-38.7,181.74
