376.2,-28.95,160.2,-355.05,-132.0,-273.94,333.6,-1.35,169.4,-388.95,-91.5,-268.14,-335.25,-215.1,-244.18,326.25,13.5,197.96,-307.05,-123.75,-221.67,373.5,17.25,109.63,306.45,29.1,112.53,-285.3,-261.9,-255.31,303.6,33.75,227.48,-361.95,-105.0,-289.67,-322.65,-124.05,-254.83,344.1,-74.7,109.63,-338.25,-157.5,-196.02,345.15,-19.35,171.09
377.1,-30.0,159.72,-354.45,-133.05,-272.73,333.75,-1.05,166.98,-387.0,-91.05,-269.59,-335.1,-213.3,-242.0,327.6,13.35,198.68,-306.3,-123.15,-221.67,374.1,16.65,107.69,305.1,28.65,111.8,-285.9,-261.6,-254.58,302.85,34.8,227.0,-360.3,-106.95,-288.95,-321.45,-124.35,-254.58,343.05,-76.35,110.59,-337.65,-158.4,-194.81,344.7,-17.55,172.3
376.8,-30.45,158.75,-354.0,-132.3,-272.49,332.55,0.15,169.16,-387.9,-90.0,-268.38,-335.55,-214.5,-243.69,327.75,12.0,196.5,-306.9,-124.05,-223.85,374.25,16.95,107.93,306.3,28.35,112.29,-285.15,-261.9,-254.1,303.45,33.0,226.27,-360.3,-106.2,-288.46,-323.25,-124.5,-253.86,344.55,-76.35,111.32,-339.15,-158.7,-196.26,345.15,-19.2,170.37
375.9,-29.4,157.54,-354.6,-130.2,-272.25,333.3,-0.9,169.64,-388.35,-90.45,-270.56,-334.95,-214.65,-242.97,327.9,12.6,198.68,-306.75,-123.9,-221.91,374.1,16.65,110.11,305.25,29.1,111.32,-286.2,-262.35,-255.55,301.95,34.5,227.48,-360.0,-105.6,-288.95,-322.2,-124.2,-253.62,343.95,-75.45,110.59,-337.65,-158.4,-195.54,343.5,-17.7,172.55
376.5,-29.55,158.51,-354.75,-132.15,-272.49,332.85,-0.75,169.16,-388.05,-90.0,-268.62,-335.25,-214.65,-242.97,327.0,13.35,196.5,-306.0,-124.2,-222.88,373.95,16.8,109.38,304.8,28.95,111.8,-286.8,-261.9,-256.52,302.55,33.75,228.69,-360.75,-105.45,-287.25,-322.2,-124.2,-252.41,344.55,-75.75,110.11,-337.8,-157.65,-197.23,345.0,-19.05,170.37
377.55,-29.25,158.27,-352.65,-132.15,-273.22,333.45,-0.9,169.64,-389.1,-91.05,-269.1,-334.8,-213.9,-243.69,328.2,12.9,196.26,-306.9,-123.6,-222.4,374.4,15.9,108.42,306.15,28.95,112.53,-286.65,-261.6,-254.83,303.9,34.2,227.96,-361.2,-106.35,-288.71,-322.35,-123.9,-253.86,344.1,-76.65,110.59,-336.75,-158.1,-195.78,344.4,-18.3,170.61
376.5,-30.15,159.48,-354.9,-131.4,-274.67,334.2,-0.6,170.37,-387.15,-92.55,-269.59,-335.1,-214.35,-244.42,327.45,13.5,197.23,-306.9,-124.35,-221.43,373.95,15.6,109.38,307.35,28.65,112.05,-286.8,-261.15,-255.07,303.75,34.65,227.72,-360.75,-106.8,-289.92,-322.5,-124.8,-254.58,343.2,-75.9,110.84,-339.3,-158.1,-195.54,344.4,-19.05,171.09
376.2,-30.75,158.75,-353.7,-132.3,-272.49,332.1,-0.3,169.88,-387.9,-90.45,-268.62,-335.25,-214.35,-244.18,326.7,13.2,198.44,-307.2,-122.85,-221.91,375.3,16.65,109.63,306.0,28.5,113.74,-285.45,-261.45,-254.83,302.25,34.65,227.48,-360.9,-106.5,-288.95,-321.6,-123.45,-254.1,343.65,-75.45,111.56,-337.35,-157.65,-195.05,344.1,-18.9,170.85
376.05,-29.25,157.54,-355.2,-132.45,-273.94,332.85,-0.75,168.67,-388.35,-90.15,-269.83,-336.0,-213.9,-243.94,326.7,13.2,197.96,-307.5,-123.6,-222.88,374.4,17.4,107.45,305.7,28.95,113.74,-285.75,-260.7,-254.83,302.85,34.95,227.0,-359.85,-105.9,-287.98,-322.05,-124.5,-254.83,344.55,-76.05,111.32,-337.5,-158.25,-195.29,344.7,-19.05,172.06
377.1,-30.75,159.72,-354.15,-133.35,-273.94,332.7,0.15,167.95,-387.45,-90.75,-269.83,-334.5,-214.35,-243.69,326.85,13.8,198.92,-306.75,-124.2,-223.12,374.55,16.65,108.42,305.55,28.5,111.56,-285.75,-262.2,-256.04,303.0,34.05,227.96,-360.0,-106.8,-288.95,-321.45,-123.45,-254.58,344.4,-75.3,110.11,-336.3,-158.55,-195.29,344.55,-18.9,172.79
376.8,-29.85,158.51,-353.85,-132.9,-272.73,333.45,-0.9,168.92,-388.65,-91.2,-270.07,-334.5,-214.5,-244.42,326.7,13.65,196.75,-306.6,-123.6,-221.91,374.4,16.65,108.66,306.75,29.1,113.26,-285.9,-262.65,-256.52,302.4,33.45,228.69,-361.05,-106.5,-289.67,-321.6,-125.1,-254.34,344.1,-76.05,111.32,-337.05,-158.55,-197.23,344.25,-18.75,169.88
377.4,-30.0,158.03,-355.5,-131.1,-273.22,332.4,-1.05,170.61,-388.65,-91.35,-271.04,-334.05,-214.5,-242.73,327.75,12.6,197.23,-305.85,-123.9,-221.91,374.1,16.5,108.9,306.15,28.95,112.53,-284.85,-262.65,-255.55,302.25,33.45,227.72,-360.9,-106.65,-286.77,-323.25,-123.0,-253.13,344.25,-75.75,110.59,-337.05,-158.1,-196.99,344.25,-18.15,171.34
377.25,-28.5,158.03,-355.5,-131.55,-273.22,333.15,-1.05,169.64,-387.9,-90.0,-270.07,-334.05,-215.25,-242.97,327.6,13.5,197.71,-307.65,-123.15,-223.37,373.8,16.65,109.87,305.7,28.8,111.32,-286.05,-262.95,-255.31,303.3,34.35,228.21,-359.55,-107.1,-287.98,-322.65,-123.15,-254.58,343.65,-76.35,111.56,-337.65,-156.9,-197.23,345.0,-18.3,172.06
377.25,-29.7,158.75,-354.9,-132.9,-273.46,333.45,-0.45,169.4,-387.9,-90.6,-269.35,-335.55,-214.8,-243.69,328.35,12.9,197.47,-307.2,-122.55,-223.61,373.5,16.35,108.42,305.1,29.25,112.05,-285.3,-262.2,-254.34,302.4,33.45,227.24,-361.65,-106.95,-289.19,-322.2,-124.65,-253.13,343.8,-74.85,113.01,-337.95,-157.8,-196.5,344.7,-19.5,172.55
377.4,-29.85,159.48,-355.5,-132.3,-272.98,333.9,-0.45,168.19,-387.3,-90.75,-269.59,-334.65,-214.5,-243.45,326.55,13.5,196.02,-306.45,-123.0,-222.88,374.7,17.4,110.11,305.4,27.9,111.56,-286.65,-260.85,-255.31,303.15,33.9,227.24,-360.75,-105.45,-288.95,-322.2,-124.5,-255.07,344.25,-74.85,110.35,-337.35,-159.3,-195.54,344.4,-17.85,169.4
376.5,-29.85,159.24,-354.6,-132.45,-272.98,333.6,-0.45,168.43,-387.9,-90.45,-268.86,-334.5,-215.1,-243.45,327.45,13.05,196.99,-306.0,-122.25,-223.61,373.8,16.65,106.24,305.1,28.65,110.59,-286.2,-261.6,-255.55,302.55,33.6,226.75,-360.75,-105.15,-289.43,-322.2,-123.6,-254.1,343.5,-76.2,110.59,-337.35,-158.25,-195.54,344.85,-18.45,172.3
377.4,-29.25,160.45,-355.5,-132.3,-271.52,333.3,-0.3,167.71,-387.9,-90.75,-270.07,-336.0,-214.5,-242.0,327.3,13.65,196.5,-305.85,-123.75,-222.16,374.4,16.5,109.14,305.85,28.35,111.08,-285.75,-261.3,-255.07,301.95,34.95,227.48,-360.75,-107.1,-289.43,-322.35,-124.65,-255.31,343.95,-76.05,110.59,-336.0,-158.1,-197.47,345.15,-18.45,169.64
376.95,-30.3,158.99,-354.3,-132.75,-272.73,333.0,-0.6,168.92,-389.1,-91.95,-269.35,-334.8,-214.65,-242.24,327.45,12.6,196.75,-306.75,-123.45,-222.4,374.1,17.25,109.38,306.0,28.95,111.8,-286.5,-262.2,-253.86,302.1,34.65,226.51,-360.6,-106.2,-288.22,-322.65,-124.2,-254.34,342.75,-75.3,111.8,-337.5,-158.1,-195.78,344.55,-19.35,170.85
376.5,-29.55,158.27,-355.35,-131.25,-273.46,333.0,-1.5,167.71,-387.3,-90.3,-269.83,-335.1,-214.2,-243.69,327.75,11.4,196.02,-306.3,-122.85,-221.43,374.7,17.4,109.38,306.45,28.5,111.8,-286.05,-262.35,-254.83,302.1,33.9,227.48,-361.35,-106.5,-287.01,-322.05,-124.5,-252.65,343.65,-75.75,110.84,-337.95,-158.7,-196.99,344.4,-18.6,170.85
376.95,-29.4,157.78,-354.6,-132.6,-273.46,334.05,0.15,168.92,-387.6,-90.3,-270.31,-336.15,-214.05,-244.18,327.45,13.5,196.5,-307.05,-124.2,-222.64,374.4,17.85,109.63,306.15,28.65,110.84,-285.9,-260.55,-257.0,302.1,33.6,227.48,-361.35,-106.8,-287.25,-323.1,-124.8,-255.55,344.25,-75.3,110.35,-338.25,-158.55,-195.29,345.3,-18.75,170.37
377.55,-29.85,158.03,-354.15,-132.15,-272.73,333.3,-0.6,169.64,-387.9,-90.9,-269.35,-334.2,-213.9,-242.24,328.05,12.15,198.44,-307.05,-123.15,-222.88,374.1,16.2,107.93,306.15,28.8,112.05,-285.45,-262.2,-254.83,301.95,33.45,227.48,-361.65,-106.5,-289.43,-322.5,-124.8,-254.83,343.2,-76.05,110.84,-337.95,-157.95,-196.26,344.4,-19.2,170.13
377.25,-30.15,158.03,-353.1,-132.6,-271.04,331.95,0.0,169.16,-388.95,-90.45,-269.35,-334.95,-214.5,-244.42,327.3,13.8,197.71,-307.35,-122.7,-220.7,374.55,16.35,108.17,305.85,27.9,111.8,-285.45,-261.15,-255.31,303.75,34.35,227.96,-360.9,-105.6,-288.71,-322.2,-124.5,-254.83,343.65,-75.0,112.05,-337.65,-158.1,-196.75,344.7,-18.45,171.34
377.1,-30.45,157.78,-354.9,-132.0,-273.22,334.5,-1.35,168.67,-388.65,-90.75,-269.83,-335.1,-214.65,-242.73,327.6,11.55,196.5,-308.25,-123.45,-221.43,373.8,15.75,109.38,305.25,28.95,111.8,-285.9,-262.95,-254.1,302.85,33.75,228.45,-360.45,-107.25,-287.98,-322.65,-125.7,-254.83,343.8,-76.35,110.59,-337.65,-157.95,-194.57,345.0,-19.2,169.64
376.95,-28.35,158.03,-354.9,-132.3,-273.46,332.55,-1.05,168.92,-388.8,-90.6,-269.59,-334.5,-214.95,-243.45,327.6,13.65,196.26,-306.0,-123.0,-222.16,373.8,16.8,108.42,306.3,29.4,112.77,-286.2,-261.6,-254.1,301.95,34.2,227.72,-360.75,-107.25,-289.43,-323.55,-124.35,-254.34,343.5,-76.2,110.59,-338.25,-157.65,-194.33,345.6,-17.85,170.61
377.1,-29.25,159.72,-353.55,-133.2,-271.77,332.4,0.3,167.95,-386.85,-90.9,-270.8,-333.6,-214.8,-243.69,326.85,12.0,196.99,-306.15,-123.0,-223.12,373.35,16.5,109.63,306.15,28.5,112.29,-287.25,-261.3,-254.83,303.3,33.3,227.24,-359.7,-107.1,-289.67,-322.5,-124.5,-252.16,343.95,-75.15,110.84,-338.7,-158.1,-195.29,344.55,-17.7,169.64
376.05,-29.25,159.48,-354.15,-132.6,-273.94,333.15,-0.75,168.19,-387.3,-90.9,-269.35,-334.35,-214.95,-242.97,326.7,12.6,198.92,-306.15,-123.45,-222.4,372.75,16.65,108.9,305.85,29.25,113.5,-285.0,-261.45,-256.28,302.85,33.45,228.45,-361.35,-106.8,-289.92,-321.9,-124.35,-255.55,343.65,-75.9,110.11,-338.4,-157.95,-195.78,345.6,-19.05,172.3
377.1,-30.3,160.2,-355.5,-133.2,-272.01,333.9,0.15,169.88,-387.3,-89.55,-270.31,-334.8,-214.5,-243.21,327.75,11.85,198.2,-307.5,-123.0,-222.4,373.35,17.7,106.72,305.55,28.8,112.29,-286.5,-262.5,-254.34,302.55,33.9,227.48,-360.9,-105.6,-289.92,-323.1,-124.5,-254.34,344.1,-75.75,110.35,-337.65,-158.1,-196.26,343.95,-19.05,172.55
376.95,-29.55,158.51,-355.65,-133.5,-271.04,332.55,-0.3,167.95,-388.8,-91.65,-270.31,-333.6,-215.7,-242.73,327.15,12.6,197.47,-307.05,-123.45,-221.43,374.25,15.75,110.11,306.15,27.9,113.26,-285.9,-261.45,-255.55,302.7,33.3,226.27,-361.35,-106.05,-288.22,-321.75,-124.8,-254.34,343.5,-75.6,110.11,-336.9,-157.5,-196.75,344.25,-18.15,170.85
376.5,-29.55,158.75,-354.9,-133.05,-273.94,333.9,0.3,169.4,-388.05,-91.35,-269.83,-334.2,-214.8,-244.42,326.4,13.8,198.2,-305.7,-122.25,-221.91,373.5,15.75,108.17,305.25,28.8,111.8,-285.3,-262.05,-255.79,303.0,34.2,227.96,-361.2,-105.75,-288.22,-321.6,-124.8,-255.55,343.95,-75.3,110.84,-338.1,-157.5,-195.54,345.0,-18.15,172.06
376.2,-30.15,158.51,-354.6,-131.55,-273.22,333.9,-1.2,169.16,-387.75,-90.6,-269.59,-335.85,-213.9,-243.94,328.2,13.8,197.71,-307.5,-124.05,-224.09,374.85,16.8,109.38,305.55,28.05,112.77,-286.05,-262.35,-253.37,302.1,35.1,227.48,-360.45,-107.1,-287.98,-321.9,-124.35,-252.65,344.4,-75.45,109.87,-336.45,-158.4,-196.02,344.85,-19.2,170.61
376.05,-29.85,159.72,-354.9,-131.7,-272.73,333.45,0.0,169.64,-388.95,-90.3,-270.8,-335.55,-215.1,-244.9,327.45,13.8,198.44,-306.3,-123.3,-221.67,373.35,17.25,109.38,306.0,28.8,110.11,-285.3,-261.6,-255.31,302.7,33.3,227.0,-361.05,-105.9,-288.22,-322.35,-124.65,-256.28,343.2,-75.75,110.84,-338.1,-158.1,-195.05,344.1,-18.75,171.34
376.65,-30.0,158.03,-354.0,-132.45,-272.73,333.45,-0.3,169.88,-388.65,-90.75,-270.31,-334.95,-215.1,-243.94,326.55,13.5,197.47,-306.45,-123.0,-222.64,373.8,16.95,109.38,305.55,27.9,111.8,-285.9,-261.45,-255.07,303.0,34.35,227.0,-361.2,-106.5,-287.5,-322.95,-124.2,-254.1,343.2,-74.85,111.56,-337.35,-158.7,-196.75,345.45,-19.5,171.34
376.35,-30.15,158.51,-355.35,-133.2,-272.98,333.15,0.3,169.4,-388.65,-90.3,-268.62,-334.95,-215.4,-243.45,327.15,12.6,197.96,-307.95,-124.05,-222.4,373.95,15.45,109.14,306.45,28.8,112.05,-286.05,-261.3,-256.52,301.35,34.05,227.96,-360.45,-106.5,-289.92,-322.65,-124.8,-255.79,343.5,-77.7,110.59,-338.1,-157.95,-195.05,345.3,-16.8,169.64
376.65,-30.45,157.78,-354.6,-131.55,-272.49,332.55,-0.6,169.16,-388.65,-90.45,-270.56,-334.65,-213.9,-242.24,326.55,14.1,197.47,-307.05,-124.05,-222.88,374.55,15.9,109.87,305.7,28.8,111.08,-285.15,-262.8,-253.13,302.25,34.2,227.72,-361.2,-106.5,-287.5,-322.35,-125.1,-253.86,345.0,-76.2,110.35,-337.8,-157.8,-196.02,344.7,-18.75,171.82
376.05,-29.25,156.82,-353.85,-131.85,-275.4,333.6,1.05,169.16,-388.35,-90.45,-270.56,-335.85,-213.75,-244.18,326.7,12.3,197.71,-305.85,-123.75,-222.88,374.7,16.05,107.93,305.55,28.8,112.29,-285.75,-262.05,-254.34,303.15,33.9,226.27,-360.15,-107.1,-288.46,-321.9,-123.9,-254.58,342.3,-76.05,112.05,-338.4,-157.35,-195.05,345.75,-18.9,172.55
376.95,-29.85,158.27,-354.75,-133.5,-272.49,333.15,-0.75,170.37,-388.8,-90.9,-269.35,-334.65,-214.5,-245.39,326.85,12.45,196.75,-306.15,-124.65,-221.19,373.8,16.65,108.17,305.85,28.05,110.84,-286.2,-262.2,-253.86,302.25,34.2,229.9,-361.2,-105.9,-287.5,-322.65,-124.65,-255.07,343.5,-75.9,110.84,-337.2,-157.5,-195.78,345.75,-18.6,172.3
377.4,-29.25,158.51,-355.05,-131.55,-272.49,334.05,-1.05,170.13,-388.35,-90.6,-270.56,-335.4,-214.2,-242.97,327.6,13.2,196.99,-307.35,-123.6,-220.7,373.8,15.45,109.14,305.55,28.35,111.32,-285.9,-261.75,-253.62,303.3,34.65,227.96,-360.75,-107.4,-290.64,-322.2,-125.7,-254.1,343.95,-75.45,112.05,-337.05,-157.5,-195.05,345.0,-18.3,171.58
377.7,-29.85,157.3,-354.75,-132.45,-272.98,334.05,-1.05,169.4,-387.6,-89.85,-270.07,-334.8,-214.35,-243.94,325.95,12.9,197.23,-307.05,-123.15,-220.95,372.75,15.3,108.42,306.15,29.1,112.05,-286.05,-261.75,-256.04,302.85,33.6,229.66,-360.6,-107.4,-287.25,-322.35,-124.2,-253.86,344.4,-75.3,110.11,-338.1,-157.8,-195.54,346.35,-18.75,171.09
377.55,-29.55,158.27,-354.3,-133.05,-272.73,333.15,0.45,169.64,-388.35,-89.7,-268.62,-334.35,-214.8,-243.69,326.1,12.0,196.99,-306.9,-123.3,-221.91,372.9,16.05,108.9,306.45,28.65,111.08,-285.0,-262.65,-253.62,302.85,34.05,227.96,-360.0,-105.15,-287.5,-322.8,-125.55,-253.62,344.55,-76.8,111.32,-336.9,-158.25,-195.78,345.6,-18.9,172.06
377.1,-30.45,159.72,-354.45,-132.0,-273.22,332.85,-0.3,170.13,-388.35,-90.9,-269.83,-334.05,-214.05,-243.94,327.45,12.9,195.78,-306.6,-124.05,-221.43,374.55,16.35,109.14,306.75,30.0,111.32,-286.65,-261.3,-255.79,302.25,34.95,228.21,-361.5,-106.65,-288.46,-322.35,-124.5,-254.83,344.1,-75.9,112.53,-337.2,-158.4,-197.23,345.6,-18.3,172.06
377.4,-29.4,157.78,-353.7,-132.9,-273.7,333.3,-0.3,167.22,-388.2,-90.75,-270.56,-334.95,-215.25,-244.42,327.15,13.2,197.47,-307.05,-124.05,-221.19,374.85,16.35,106.48,305.4,28.2,110.84,-285.9,-261.6,-255.31,303.0,33.45,228.69,-360.3,-107.4,-289.67,-321.9,-125.25,-254.1,343.35,-76.35,110.35,-337.05,-157.8,-195.29,346.05,-18.75,171.34
376.5,-30.3,159.24,-354.0,-132.15,-272.98,334.35,-0.15,168.19,-388.2,-90.6,-270.31,-335.85,-213.9,-242.97,328.05,13.2,197.47,-306.0,-123.0,-222.64,373.8,16.65,109.14,305.85,27.6,110.84,-283.95,-261.6,-254.58,301.95,34.35,229.17,-359.85,-107.1,-287.5,-321.75,-125.1,-253.86,343.95,-76.5,111.08,-337.35,-158.25,-196.02,344.85,-19.05,170.13
376.35,-29.1,157.3,-354.3,-131.4,-272.49,333.3,-0.15,167.46,-388.35,-91.8,-268.38,-333.75,-214.8,-243.94,327.0,12.6,196.75,-307.95,-123.6,-222.88,373.65,16.35,108.66,306.15,28.65,112.05,-286.2,-263.4,-254.34,303.45,34.2,228.93,-360.6,-106.65,-288.22,-322.8,-124.65,-254.1,343.65,-75.9,108.9,-337.35,-158.7,-197.23,345.75,-19.2,171.58
376.65,-29.25,157.78,-354.45,-132.3,-272.98,332.85,-0.6,169.16,-387.9,-90.45,-268.14,-336.45,-215.7,-242.24,327.6,14.1,197.23,-307.65,-124.2,-223.61,373.65,15.9,108.17,305.55,28.5,112.29,-285.75,-262.05,-254.83,302.4,34.35,226.03,-361.65,-106.05,-288.46,-322.5,-125.1,-253.62,343.2,-75.9,111.56,-337.8,-158.25,-197.47,343.8,-18.9,171.58
377.7,-29.55,159.24,-355.2,-133.35,-273.46,333.3,0.15,169.88,-388.2,-91.2,-270.31,-335.55,-215.25,-244.42,327.9,12.6,197.47,-306.45,-123.0,-221.43,374.1,16.8,106.72,305.55,29.1,110.84,-286.2,-262.95,-255.55,302.4,33.3,226.75,-360.75,-106.65,-287.5,-322.05,-125.4,-255.07,343.65,-75.0,110.35,-339.0,-157.95,-196.02,344.55,-20.1,171.82
376.95,-30.6,159.48,-354.9,-131.1,-273.94,332.55,0.15,170.37,-388.2,-90.6,-270.07,-335.85,-215.4,-242.73,327.75,12.45,196.26,-307.05,-123.45,-221.19,372.9,15.3,107.21,306.0,29.1,112.77,-285.45,-262.95,-255.55,302.25,32.7,226.75,-360.0,-106.5,-288.71,-322.65,-125.4,-254.1,344.7,-75.3,110.84,-337.8,-157.8,-195.29,343.65,-18.3,170.13
376.8,-30.75,158.03,-355.2,-132.15,-272.01,334.8,-0.45,169.88,-387.45,-91.2,-270.56,-334.8,-215.1,-242.48,327.0,13.05,197.71,-306.45,-122.4,-222.88,373.95,16.05,107.69,306.0,29.1,112.29,-285.75,-262.2,-255.55,302.1,34.2,227.96,-361.35,-107.1,-288.46,-322.8,-125.25,-254.58,344.1,-76.2,111.8,-337.65,-158.4,-196.26,345.3,-18.45,171.34
375.9,-30.3,158.99,-354.0,-132.0,-273.46,333.75,-1.2,169.64,-388.2,-90.45,-269.83,-334.35,-215.25,-243.45,326.55,13.2,198.2,-306.3,-123.45,-223.12,373.35,16.5,106.48,306.75,27.6,111.8,-285.75,-261.6,-253.86,302.55,34.65,226.75,-361.2,-106.95,-290.16,-322.95,-125.85,-255.55,343.65,-75.15,111.08,-338.55,-158.7,-196.02,344.85,-17.85,170.37
376.8,-28.95,160.2,-354.3,-133.2,-271.04,333.3,-1.35,169.4,-387.15,-90.9,-270.07,-334.05,-214.65,-243.94,326.85,12.45,196.02,-307.05,-123.15,-222.16,373.5,16.65,108.66,305.25,28.65,112.77,-286.65,-262.05,-254.83,302.55,33.75,227.0,-361.2,-106.5,-290.16,-322.2,-123.75,-256.28,343.5,-76.65,110.84,-337.05,-158.4,-194.57,345.6,-18.6,172.06
376.8,-28.95,158.99,-354.15,-132.3,-273.46,333.75,-0.3,170.37,-388.35,-90.9,-268.62,-334.8,-215.4,-243.94,326.55,14.1,196.02,-307.35,-123.9,-221.43,374.25,17.4,108.66,305.85,28.65,112.77,-285.6,-261.6,-255.07,301.95,33.45,225.3,-361.5,-107.7,-288.46,-323.25,-124.65,-253.13,343.65,-76.5,109.63,-336.9,-157.65,-195.78,345.15,-19.2,171.58
