376.2,-30.45,157.54,-355.95,-132.15,-272.49,332.85,-1.05,169.88,-389.7,-90.3,-268.38,-336.6,-214.95,-242.0,328.05,13.05,198.44,-307.65,-123.0,-223.61,375.15,17.1,108.42,306.0,28.8,112.77,-288.9,-263.7,-256.04,302.85,32.55,225.54,-363.6,-105.3,-286.04,-322.5,-125.1,-256.76,344.7,-77.1,111.8,-341.55,-160.05,-195.54,328.95,-15.6,183.68
375.6,-30.45,159.48,-354.75,-133.05,-271.52,333.9,0.45,168.19,-389.55,-90.9,-269.83,-335.1,-214.2,-244.18,328.05,12.45,199.41,-308.25,-123.45,-223.61,374.85,16.8,107.69,306.3,28.95,113.01,-287.4,-262.95,-255.79,301.65,32.55,230.14,-363.75,-105.9,-287.5,-322.95,-125.4,-255.31,343.95,-77.25,111.56,-340.8,-160.05,-193.84,330.3,-15.75,182.71
375.6,-30.45,159.96,-355.65,-133.35,-272.98,334.2,-0.75,169.64,-389.85,-90.9,-269.1,-334.95,-215.1,-243.45,327.6,12.9,196.99,-307.35,-123.3,-223.12,373.35,15.15,109.38,306.9,27.9,111.56,-287.85,-263.7,-253.86,302.7,32.1,227.96,-363.6,-104.7,-286.77,-322.35,-124.95,-256.52,344.7,-76.2,112.05,-338.25,-161.1,-193.84,328.5,-15.0,182.95
377.4,-29.7,158.99,-354.45,-132.6,-274.43,334.5,-1.35,168.67,-389.25,-90.45,-269.1,-335.4,-214.5,-241.52,327.6,12.0,198.2,-308.7,-123.75,-223.12,373.05,16.35,109.38,305.85,28.2,112.29,-286.5,-262.65,-255.07,302.25,33.75,230.14,-363.3,-104.85,-287.01,-324.0,-125.1,-255.79,344.1,-77.55,112.05,-340.5,-160.95,-195.54,329.85,-16.05,182.71
378.45,-30.75,158.03,-355.05,-132.75,-273.7,332.1,-0.3,168.67,-390.6,-90.9,-271.28,-336.3,-215.25,-243.94,327.3,13.35,198.44,-308.25,-124.8,-222.4,373.95,16.95,107.93,305.55,28.5,112.05,-287.7,-262.95,-257.25,303.15,32.85,228.93,-362.4,-104.55,-287.5,-322.95,-124.95,-254.58,345.3,-77.4,112.53,-339.3,-160.35,-194.57,329.4,-14.7,183.19
376.2,-31.05,158.03,-355.5,-131.7,-272.98,333.6,0.3,169.4,-390.0,-91.05,-270.07,-335.4,-214.35,-245.39,327.6,13.65,198.92,-307.5,-123.3,-223.61,374.1,17.25,109.38,305.7,28.2,111.08,-287.25,-262.8,-255.55,302.55,32.85,228.45,-363.6,-105.3,-287.25,-323.25,-124.95,-254.83,345.15,-77.1,113.98,-340.05,-162.6,-195.05,328.5,-15.0,181.5
376.35,-29.7,158.99,-356.1,-132.15,-273.46,333.9,-0.45,168.19,-388.65,-91.2,-269.1,-335.25,-215.25,-245.39,327.3,13.5,198.2,-308.1,-124.05,-221.91,372.45,18.15,107.93,305.55,28.65,112.77,-287.4,-262.2,-256.04,301.8,32.25,229.66,-363.6,-105.9,-286.29,-322.05,-125.4,-255.07,344.7,-76.35,111.32,-341.1,-160.95,-195.29,328.8,-15.15,182.23
376.65,-29.4,159.48,-355.35,-131.4,-273.46,333.0,-0.45,168.92,-389.4,-89.85,-268.86,-335.25,-215.1,-244.9,327.6,13.05,197.23,-308.7,-123.3,-221.43,373.65,17.25,108.42,305.85,29.1,112.53,-286.95,-263.1,-255.31,302.1,32.7,228.69,-363.75,-104.55,-287.01,-322.05,-124.95,-254.34,344.4,-77.1,111.32,-341.1,-160.65,-196.5,329.1,-14.85,183.44
377.25,-30.15,158.99,-355.65,-132.9,-273.22,333.6,1.05,169.16,-388.65,-89.7,-268.86,-335.55,-214.5,-244.9,328.05,13.35,197.47,-308.4,-123.6,-221.67,372.9,17.1,107.45,305.55,28.35,113.26,-286.95,-263.1,-257.25,302.1,33.3,229.17,-364.2,-105.0,-286.77,-323.1,-125.25,-254.1,344.4,-77.1,112.53,-340.65,-161.25,-194.57,330.75,-15.0,182.23
376.35,-30.0,159.48,-355.5,-132.75,-274.67,333.45,0.45,170.13,-388.35,-90.0,-269.83,-334.65,-213.75,-243.45,327.3,12.6,197.47,-307.95,-122.55,-219.98,373.35,17.85,107.45,305.4,28.05,112.29,-286.8,-262.8,-255.55,302.25,33.0,227.96,-362.85,-105.3,-287.74,-322.8,-124.05,-255.55,343.65,-76.05,114.22,-341.4,-161.4,-194.08,330.75,-15.0,181.98
376.95,-31.35,159.48,-356.1,-130.8,-272.49,333.0,-0.3,172.3,-389.55,-92.1,-269.1,-335.4,-214.5,-245.15,327.45,12.45,198.2,-308.7,-124.65,-222.16,373.05,17.85,108.17,306.0,28.65,113.5,-287.85,-262.8,-255.31,302.85,33.15,229.17,-363.75,-105.6,-286.29,-322.5,-124.65,-253.86,343.95,-77.55,110.84,-340.95,-160.5,-194.57,329.25,-16.05,181.5
376.5,-30.9,158.27,-356.1,-133.35,-274.43,334.2,0.75,168.43,-389.7,-91.35,-271.28,-334.95,-214.2,-243.45,327.3,13.35,198.2,-308.25,-122.55,-221.19,374.4,16.95,110.35,305.55,27.45,112.05,-286.95,-262.65,-256.04,302.55,33.0,227.96,-364.05,-105.3,-288.46,-322.95,-125.7,-253.62,345.75,-76.95,112.05,-339.6,-160.65,-196.26,330.0,-15.3,183.19
377.1,-31.05,157.78,-355.65,-132.0,-273.7,333.75,-0.9,171.82,-388.65,-90.45,-270.07,-335.7,-215.1,-242.73,327.3,12.75,196.75,-307.8,-124.2,-222.16,373.65,16.35,107.21,306.6,28.35,111.56,-287.25,-263.85,-255.31,302.85,34.5,228.69,-364.2,-105.75,-286.53,-323.1,-125.55,-254.58,344.55,-77.1,112.05,-339.45,-160.5,-195.05,329.4,-14.55,183.68
377.1,-30.45,157.78,-356.1,-133.35,-273.7,334.65,-0.45,169.4,-389.85,-91.8,-270.8,-335.25,-213.75,-243.94,326.85,12.3,197.47,-307.95,-123.6,-221.91,372.45,17.85,109.14,305.85,27.6,111.8,-287.4,-262.8,-255.31,302.1,33.0,228.69,-363.15,-104.85,-288.46,-322.65,-125.85,-255.79,343.8,-76.95,111.08,-339.9,-159.75,-193.84,329.7,-15.6,183.44
376.95,-29.4,159.24,-355.65,-132.3,-272.25,333.9,-1.05,170.85,-388.35,-90.75,-269.83,-334.5,-214.65,-244.18,327.3,12.15,197.96,-309.3,-124.35,-221.43,371.85,17.85,108.66,306.0,28.35,112.53,-287.1,-263.25,-256.04,303.15,33.9,230.14,-363.9,-104.4,-286.29,-323.55,-126.0,-256.04,343.65,-77.7,113.74,-340.65,-161.55,-193.84,329.4,-15.3,182.23
376.65,-30.0,158.99,-355.35,-132.45,-272.73,333.45,-0.75,168.92,-390.15,-90.0,-269.83,-334.8,-214.8,-245.39,327.0,12.3,197.71,-308.1,-123.6,-222.88,373.8,16.95,109.14,306.15,28.95,112.29,-288.6,-262.65,-255.79,303.3,32.55,228.21,-363.75,-105.9,-286.77,-322.5,-125.4,-254.83,345.75,-76.8,111.08,-339.9,-160.05,-195.54,329.7,-15.75,183.19
376.65,-30.6,158.75,-356.1,-132.9,-273.22,333.75,-0.3,167.71,-389.4,-90.45,-269.83,-335.25,-216.0,-243.69,327.9,13.2,198.2,-307.5,-124.5,-221.43,374.1,17.1,109.63,306.45,28.95,111.8,-286.5,-262.65,-256.52,303.0,32.1,227.72,-364.05,-104.7,-286.77,-322.5,-125.25,-254.83,344.55,-77.25,112.53,-340.35,-160.95,-195.29,330.0,-15.9,184.4
375.9,-29.4,158.75,-355.95,-133.35,-274.19,333.45,-0.45,168.67,-388.5,-91.5,-269.1,-335.7,-214.35,-244.42,328.05,13.8,199.41,-308.55,-123.6,-222.64,373.5,16.35,107.21,305.55,28.8,111.8,-286.2,-262.95,-253.86,302.1,33.75,227.72,-363.45,-105.3,-286.53,-323.1,-124.05,-255.07,342.9,-76.35,113.26,-339.75,-159.9,-193.36,328.95,-15.45,183.19
375.9,-29.55,158.51,-355.8,-131.85,-271.28,334.2,-0.3,169.4,-390.3,-90.6,-269.83,-334.8,-214.8,-244.18,326.7,12.45,196.99,-308.25,-123.9,-222.4,373.8,16.65,109.14,306.0,28.2,113.26,-288.0,-263.4,-255.07,301.95,33.15,228.45,-363.3,-106.2,-287.25,-322.5,-125.1,-255.31,344.7,-77.1,112.29,-341.7,-161.4,-195.05,329.25,-15.45,183.19
378.15,-28.8,158.51,-356.25,-134.55,-272.49,333.6,-0.3,170.13,-388.5,-90.9,-269.1,-335.55,-214.8,-243.45,327.6,12.9,198.2,-308.55,-123.45,-222.4,373.5,16.65,109.63,305.55,28.35,113.98,-287.25,-262.65,-255.79,302.7,32.55,228.45,-363.45,-105.3,-286.29,-322.2,-126.75,-254.83,344.7,-77.1,112.77,-339.9,-161.55,-194.81,328.95,-14.7,182.23
376.2,-30.45,157.3,-354.15,-133.95,-274.19,333.75,-1.05,168.43,-388.35,-89.25,-269.59,-336.0,-215.85,-243.69,327.3,13.95,197.96,-308.4,-122.55,-222.88,373.05,16.8,108.66,306.3,28.65,114.22,-287.7,-264.0,-256.04,302.55,33.3,228.21,-364.2,-106.05,-286.77,-322.65,-125.1,-254.58,343.5,-77.7,111.08,-339.45,-160.65,-194.81,329.4,-16.05,183.19
377.85,-29.25,157.06,-355.95,-132.15,-273.7,333.9,-1.2,168.67,-388.35,-90.9,-270.31,-336.6,-214.5,-242.24,327.0,12.75,198.2,-309.6,-122.4,-222.16,373.2,16.65,110.11,306.9,29.55,113.5,-286.95,-262.35,-256.04,302.25,32.85,228.21,-364.05,-106.2,-287.74,-323.4,-125.1,-253.86,344.55,-76.05,110.59,-340.35,-161.4,-193.12,328.5,-15.3,182.23
378.0,-29.55,159.48,-355.65,-132.6,-274.19,334.35,0.3,169.64,-389.85,-90.6,-268.62,-336.0,-214.2,-243.94,327.6,12.6,197.96,-307.8,-122.55,-221.91,374.4,15.6,110.84,306.3,27.75,113.5,-287.7,-263.55,-255.55,303.0,32.85,227.72,-363.15,-105.45,-287.74,-323.55,-125.4,-254.83,344.1,-76.65,111.56,-340.95,-160.95,-194.57,329.7,-16.35,182.47
376.5,-30.0,158.75,-355.35,-132.45,-273.7,333.45,0.0,169.64,-389.1,-90.45,-267.89,-335.7,-216.0,-244.18,327.9,12.75,196.75,-308.1,-123.6,-222.64,373.35,17.4,109.14,305.4,27.0,112.05,-287.4,-264.15,-256.28,303.0,33.9,227.96,-364.65,-104.55,-287.74,-323.25,-125.55,-255.07,344.25,-76.8,111.32,-341.85,-161.1,-193.36,329.4,-15.3,182.23
377.25,-30.0,159.24,-355.2,-132.75,-272.01,333.15,-0.3,168.43,-389.7,-91.65,-270.31,-335.1,-215.1,-244.18,328.2,13.05,196.5,-307.5,-123.9,-221.91,373.8,16.95,110.35,306.75,29.4,112.05,-287.25,-262.95,-256.52,302.55,33.9,228.21,-363.6,-105.6,-285.8,-322.65,-126.0,-254.58,345.45,-76.95,110.59,-339.6,-160.95,-195.78,329.25,-15.15,183.68
376.2,-29.85,158.27,-355.05,-132.6,-272.49,333.75,-0.75,169.16,-390.3,-91.5,-270.07,-334.8,-215.85,-244.9,327.45,12.75,197.47,-307.95,-123.6,-222.4,373.8,17.25,108.9,305.7,27.3,113.5,-287.25,-262.35,-255.31,301.95,32.1,229.42,-364.5,-105.15,-286.29,-322.95,-125.1,-255.07,345.15,-76.8,111.56,-341.85,-161.55,-192.63,329.4,-15.75,182.23
377.55,-30.6,159.48,-355.65,-133.35,-272.01,333.0,-1.05,168.43,-389.4,-90.9,-270.31,-335.85,-214.65,-242.73,327.6,12.3,197.23,-309.15,-123.0,-222.4,375.3,16.35,108.17,305.4,28.5,112.29,-286.8,-263.25,-255.55,302.85,33.3,228.93,-363.45,-105.15,-287.01,-323.4,-125.4,-254.34,343.65,-77.1,111.56,-339.9,-160.35,-194.81,330.3,-14.85,183.92
375.75,-29.7,158.27,-354.6,-132.45,-273.94,333.45,-0.6,168.92,-388.65,-91.2,-270.07,-335.25,-214.2,-243.94,328.05,13.35,198.68,-308.25,-122.85,-222.4,373.95,16.05,109.38,305.85,28.2,112.53,-288.0,-262.8,-256.28,302.1,33.6,228.21,-363.9,-105.3,-287.01,-322.65,-125.85,-253.86,343.5,-77.25,114.22,-340.8,-159.45,-195.29,329.85,-15.75,181.98
376.65,-28.95,159.24,-355.2,-132.9,-272.73,334.35,-1.2,168.43,-389.55,-91.35,-269.83,-335.25,-214.65,-243.94,327.6,13.5,198.44,-308.1,-123.3,-222.4,374.55,16.8,110.59,305.7,29.25,111.32,-286.95,-263.55,-255.55,301.65,32.85,227.72,-364.65,-105.75,-286.29,-323.7,-124.65,-256.28,344.25,-77.7,111.08,-339.45,-159.75,-194.81,329.4,-15.6,182.95
376.5,-30.3,158.51,-354.75,-132.9,-272.98,334.05,-0.45,169.4,-390.3,-91.35,-268.86,-334.95,-214.65,-243.94,327.3,12.3,196.02,-307.35,-123.45,-223.37,373.8,16.8,110.11,305.4,28.2,111.08,-287.7,-263.7,-254.58,301.95,33.45,230.38,-364.05,-105.75,-285.8,-323.85,-125.4,-254.83,344.55,-76.8,111.32,-339.75,-161.4,-194.33,330.0,-15.9,182.71
376.35,-31.05,159.72,-356.4,-132.3,-272.73,333.9,-0.45,169.88,-389.55,-91.2,-270.07,-335.1,-214.35,-242.24,327.6,12.6,198.92,-308.25,-123.3,-222.4,373.65,17.1,109.87,305.55,28.5,112.29,-287.85,-262.95,-256.52,302.1,33.45,229.17,-363.15,-106.2,-286.29,-323.25,-126.15,-255.31,344.4,-77.1,112.53,-340.65,-161.1,-193.6,330.45,-15.3,184.65
376.95,-28.95,158.99,-356.4,-133.35,-273.22,333.9,-0.6,168.43,-389.25,-91.2,-269.83,-336.0,-215.25,-244.18,327.45,12.6,197.23,-309.0,-123.9,-221.43,373.05,16.65,108.17,305.85,28.8,112.53,-286.95,-262.65,-257.0,301.05,32.85,228.69,-364.5,-105.15,-286.77,-323.25,-125.25,-253.37,343.95,-77.4,110.59,-340.35,-158.85,-194.08,329.7,-16.05,182.47
377.55,-30.75,159.48,-355.65,-132.15,-272.73,333.15,-0.6,169.16,-388.95,-90.9,-269.35,-334.95,-214.8,-242.97,327.6,12.9,197.71,-307.8,-123.9,-223.37,375.45,17.55,109.38,306.15,28.95,112.05,-287.55,-262.95,-255.31,302.25,33.0,228.93,-364.2,-105.75,-288.46,-324.3,-126.3,-256.04,343.8,-76.35,112.53,-340.35,-160.95,-193.84,330.75,-15.75,181.74
376.5,-30.75,158.27,-355.35,-132.75,-273.22,333.6,-0.45,169.4,-390.0,-90.0,-269.1,-336.0,-215.4,-243.21,328.95,12.6,198.68,-308.4,-124.8,-221.19,374.1,17.55,108.66,306.15,28.05,112.53,-285.6,-262.05,-254.58,303.0,33.9,228.69,-363.9,-105.75,-288.46,-323.4,-124.5,-253.86,344.4,-77.1,112.53,-341.4,-161.85,-193.6,329.25,-15.75,182.23
376.95,-29.4,157.54,-355.05,-132.15,-272.98,333.45,-0.75,171.09,-388.65,-90.75,-271.52,-334.5,-215.25,-243.69,328.35,13.05,197.71,-308.4,-123.9,-222.64,373.95,17.7,108.66,305.7,28.2,113.01,-286.95,-263.55,-255.55,303.0,33.15,228.21,-363.75,-105.9,-286.04,-322.05,-125.25,-254.58,343.35,-76.65,112.29,-341.1,-160.65,-193.36,330.45,-16.35,183.44
376.95,-29.55,158.75,-354.9,-132.3,-273.94,334.35,0.3,168.19,-388.95,-90.0,-269.83,-334.65,-214.95,-244.66,327.0,13.05,197.96,-308.85,-123.15,-223.12,374.85,16.8,109.63,306.45,28.05,111.32,-286.65,-262.8,-255.55,303.15,32.85,228.21,-363.45,-105.6,-288.46,-324.15,-124.5,-253.62,343.35,-77.25,112.29,-339.9,-160.2,-194.08,329.4,-15.45,182.95
376.65,-30.6,158.27,-355.05,-132.45,-272.49,332.4,-0.75,167.22,-388.8,-90.9,-271.04,-336.15,-215.7,-244.42,327.3,12.6,197.23,-308.85,-124.65,-222.64,373.8,16.8,110.35,306.0,28.2,113.01,-288.0,-262.05,-255.79,302.7,33.75,227.96,-364.05,-105.75,-287.01,-323.1,-124.95,-254.83,344.25,-77.7,112.05,-340.05,-161.1,-194.08,329.1,-15.15,183.68
376.35,-29.7,159.72,-356.55,-132.6,-272.01,332.55,-0.3,167.46,-389.1,-90.9,-270.07,-335.85,-214.35,-242.73,326.85,12.45,198.68,-310.05,-123.75,-223.12,373.05,16.35,110.59,305.85,28.35,112.05,-288.45,-262.05,-256.28,303.3,33.75,228.21,-363.6,-105.75,-288.22,-323.55,-125.1,-255.55,344.4,-78.0,112.05,-340.5,-159.75,-193.12,329.55,-15.3,182.23
377.25,-29.1,158.99,-355.8,-132.45,-272.25,333.3,-1.05,169.88,-389.7,-90.6,-269.59,-336.6,-215.1,-242.97,327.0,12.75,198.68,-308.85,-124.05,-222.88,373.95,16.5,107.69,305.25,28.2,113.74,-286.5,-263.85,-254.1,303.15,32.7,229.17,-363.9,-105.6,-286.77,-323.4,-125.4,-253.13,344.1,-77.55,111.56,-341.1,-160.5,-193.36,329.55,-16.05,183.19
376.5,-30.6,157.3,-355.05,-133.05,-272.49,333.6,0.15,168.19,-388.95,-91.65,-270.07,-336.3,-214.05,-243.94,327.6,12.3,197.23,-309.0,-122.7,-222.4,373.05,17.25,109.63,304.8,28.5,112.05,-286.95,-262.8,-256.28,303.15,34.05,229.42,-363.9,-106.05,-286.77,-323.4,-126.6,-253.86,343.5,-76.95,111.8,-340.5,-160.8,-194.81,330.0,-14.1,183.68
377.7,-29.7,160.2,-354.9,-131.85,-273.7,333.45,-1.05,167.95,-389.55,-90.9,-267.89,-334.65,-215.7,-242.48,328.8,13.35,198.2,-308.55,-123.9,-222.16,373.95,16.8,109.63,306.75,29.25,113.01,-287.7,-263.85,-254.58,302.7,32.25,229.42,-362.7,-105.75,-287.74,-323.25,-125.7,-255.55,343.8,-76.5,113.5,-340.65,-160.35,-196.75,330.15,-15.0,182.47
377.85,-30.15,158.51,-355.65,-132.45,-273.7,333.15,-0.9,168.19,-388.2,-91.2,-269.59,-335.4,-214.8,-244.9,327.0,13.05,197.23,-308.7,-123.3,-222.4,374.4,16.95,108.17,306.0,29.55,112.05,-287.4,-262.95,-255.07,302.4,32.85,228.93,-363.75,-106.2,-286.77,-322.05,-125.55,-255.31,345.15,-76.65,110.84,-339.3,-160.35,-194.57,330.0,-15.15,183.19
376.8,-30.0,158.99,-355.05,-132.3,-273.46,334.65,-0.6,168.19,-389.4,-91.5,-269.35,-334.95,-215.55,-244.18,328.05,12.15,197.96,-308.7,-122.4,-222.88,373.2,16.95,107.21,306.9,28.8,112.05,-288.15,-263.55,-255.79,302.25,33.0,228.21,-364.35,-104.4,-286.04,-322.8,-124.65,-256.28,344.4,-76.95,111.32,-340.5,-160.65,-193.84,328.65,-16.05,181.74
377.85,-29.4,158.27,-355.35,-132.3,-274.19,334.65,0.3,169.4,-390.15,-90.75,-269.59,-335.7,-214.8,-245.39,328.2,13.05,197.47,-308.7,-123.6,-221.19,373.8,16.95,108.66,305.55,27.9,111.56,-287.1,-262.05,-254.83,301.95,33.15,227.48,-363.0,-105.6,-287.01,-322.5,-124.65,-255.79,344.4,-76.95,113.01,-340.35,-160.95,-195.54,329.85,-15.0,182.47
376.65,-30.6,159.72,-356.4,-132.45,-273.46,332.55,-0.3,168.19,-390.45,-91.05,-270.07,-335.85,-214.65,-243.69,327.3,12.75,197.96,-308.55,-123.3,-222.16,374.7,17.25,111.8,306.3,28.8,113.01,-287.7,-262.65,-256.04,302.4,32.55,228.93,-363.9,-104.4,-287.25,-324.45,-125.85,-254.58,344.7,-78.15,111.8,-340.8,-161.4,-196.02,328.95,-15.75,183.44
376.8,-29.55,159.24,-356.55,-133.5,-272.98,333.45,-0.45,168.67,-389.85,-90.45,-270.56,-334.95,-214.8,-243.45,327.3,12.6,197.47,-307.95,-124.2,-222.64,374.85,16.8,110.59,306.3,28.35,111.8,-286.8,-263.4,-255.31,304.2,33.45,229.9,-364.65,-106.35,-288.22,-323.1,-125.4,-256.28,343.05,-77.1,110.59,-340.35,-161.25,-195.54,330.3,-15.15,183.19
377.25,-30.3,158.99,-355.5,-132.45,-273.46,333.3,-1.5,168.67,-389.7,-92.1,-269.35,-335.4,-215.55,-244.9,328.5,12.75,196.75,-307.95,-123.45,-222.4,375.15,17.25,108.17,305.7,28.05,113.26,-287.25,-263.55,-255.55,302.7,32.7,228.69,-364.65,-105.6,-287.01,-322.2,-125.25,-256.04,344.7,-76.35,112.29,-340.95,-161.4,-194.81,328.95,-15.6,183.44
377.7,-30.15,158.27,-355.35,-131.7,-272.49,333.3,-0.6,166.98,-389.55,-90.45,-269.83,-334.2,-215.85,-244.18,326.85,12.45,198.44,-308.7,-123.6,-223.61,376.05,15.75,108.42,306.3,27.6,113.26,-287.85,-262.8,-255.31,302.25,32.7,229.66,-363.0,-105.75,-287.01,-323.55,-124.95,-255.55,343.2,-76.35,111.32,-340.65,-161.7,-195.05,330.0,-15.3,183.44
376.95,-30.75,159.72,-355.35,-131.55,-272.73,332.55,-0.45,167.71,-390.6,-90.45,-270.07,-336.3,-214.5,-243.69,326.7,12.15,196.99,-308.25,-124.5,-222.88,373.8,17.1,109.38,305.85,28.5,112.53,-286.5,-263.7,-255.55,303.15,32.7,228.93,-364.5,-105.15,-287.01,-322.35,-125.7,-254.83,344.1,-77.7,111.56,-340.8,-161.1,-193.36,330.0,-15.0,182.95
376.5,-30.9,157.54,-355.95,-131.7,-272.98,332.55,0.15,169.4,-389.7,-91.8,-269.1,-334.95,-214.65,-243.45,327.45,13.2,197.71,-306.9,-123.45,-221.67,373.35,16.95,109.38,305.25,28.65,113.01,-287.25,-262.65,-255.31,303.0,33.45,228.21,-364.35,-105.75,-285.32,-323.1,-124.65,-254.83,345.3,-76.95,111.56,-340.05,-160.95,-195.54,329.85,-15.45,182.71
